1:-0.002303946763277054,-1.4614146947860718,0.07648132741451263,0.2394987940788269,0.4024850130081177,-0.22591085731983185,0.14139406383037567,0.6026058197021484
4:0.821027398109436,-0.8393204808235168,1.0037559270858765,0.006666108500212431,1.3850420713424683,-0.27511608600616455,-0.12759777903556824,0.7032763361930847
7:0.5655465126037598,-1.0219281911849976,0.845534086227417,0.39975157380104065,0.7670609951019287,-0.23486706614494324,-0.19403785467147827,0.3249095380306244
10:0.7188544273376465,-0.9300280809402466,1.0610405206680298,0.2849898636341095,0.7285192608833313,0.25007542967796326,0.2343142032623291,0.7038576006889343
13:0.906492292881012,-0.8940328359603882,0.939426064491272,-0.46202415227890015,0.4592851996421814,-0.3760862946510315,-0.30465200543403625,0.3777226507663727
16:-0.03543549031019211,-0.9004611968994141,1.220395803451538,-0.3150390684604645,0.9448046088218689,0.12763534486293793,-0.15215741097927094,1.0135648250579834
19:0.6646763682365417,-0.9201431274414062,0.8133283853530884,0.4967716932296753,0.7883434891700745,-0.15741489827632904,-0.10931173712015152,0.5518839955329895
22:0.26855090260505676,-0.5726665258407593,0.7533604502677917,-0.014201360754668713,0.891413688659668,-0.15426228940486908,-0.7196279168128967,0.8763270974159241
25:0.22236354649066925,-0.8717686533927917,0.8476201891899109,-0.4529450833797455,0.8651193976402283,-0.33027076721191406,-0.3783957064151764,0.8050603270530701
28:0.17635487020015717,-1.2194197177886963,0.7520706653594971,0.22826820611953735,1.1451178789138794,-0.701949954032898,0.2451227754354477,0.7230533957481384
31:0.38986241817474365,-0.7966723442077637,1.1414629220962524,-0.06154347211122513,0.8309043645858765,-0.22614867985248566,-0.47533077001571655,0.8831771612167358
34:0.46970221400260925,-1.2748817205429077,0.7512036561965942,0.1305343359708786,0.577957034111023,0.12251491099596024,-0.25850316882133484,0.8501482009887695
37:0.8368393182754517,-1.2564070224761963,1.2733612060546875,-0.046817973256111145,0.9019288420677185,-0.31990179419517517,0.22160229086875916,-0.1398962289094925
40:0.4570547938346863,-0.9342005848884583,1.1105176210403442,-0.02103976160287857,0.6240465044975281,-0.08585266023874283,-0.5480076670646667,1.038374423980713
43:0.8847942352294922,-0.889629065990448,0.936351478099823,0.10406225174665451,0.7584719061851501,-0.14382536709308624,0.5121889114379883,0.09288327395915985
46:-0.11127614974975586,-1.0148831605911255,2.0416316986083984,-0.8155127763748169,0.6509650349617004,-0.8499322533607483,-0.05674790218472481,0.9845836162567139
49:0.2509872317314148,-0.6539165377616882,0.9276390075683594,0.13390295207500458,1.2355784177780151,0.023772448301315308,-0.7461761236190796,0.49500253796577454
52:1.0813909769058228,-0.7948887944221497,0.4307185411453247,0.1570679247379303,0.5098021030426025,-1.4122170209884644,-0.40288683772087097,0.8710752725601196
55:-0.16442368924617767,-1.4212785959243774,1.4518623352050781,-0.4261677861213684,0.18131183087825775,0.090311199426651,-0.18575289845466614,0.8010709285736084
58:0.5003140568733215,-0.882857084274292,1.72903573513031,0.20517265796661377,0.33179348707199097,0.5033372640609741,-1.1432350873947144,-0.046488501131534576
61:-0.08104345202445984,-1.123006820678711,0.7870047092437744,-0.1889098435640335,0.4501480162143707,-0.13135021924972534,-0.8116249442100525,0.9186400771141052
64:0.17248615622520447,-1.292853593826294,1.01785147190094,-0.09217344224452972,1.1329001188278198,-0.07907236367464066,0.19776824116706848,0.5042344927787781
67:1.1169235706329346,-0.8093338012695312,0.9858492612838745,0.4386817216873169,1.0052450895309448,4.564847331494093E-4,-0.17832481861114502,0.42196452617645264
70:0.510689914226532,-0.9790529012680054,1.3788877725601196,-0.07221253216266632,0.9163310527801514,0.29782018065452576,0.42863425612449646,1.1666643619537354
73:0.6031200885772705,-0.8461629152297974,0.682461142539978,0.2095479667186737,0.730959415435791,0.16634702682495117,-0.5991606712341309,0.9557129740715027
76:0.4160737693309784,-0.579299807548523,0.8546410202980042,0.10111445188522339,1.003958821296692,-0.5190781950950623,-0.3900037407875061,0.8118538856506348
79:0.2263794243335724,-0.7109019756317139,0.9778895974159241,0.005645206198096275,0.24447500705718994,0.10989203304052353,-0.6954870820045471,0.1966029852628708
82:0.866544783115387,-1.139284610748291,0.45943620800971985,-0.345290869474411,1.005240559577942,-0.44368594884872437,-0.18101604282855988,0.6509959697723389
85:0.01518214400857687,-1.3831830024719238,1.3626983165740967,-0.2629421353340149,-0.10519625246524811,0.38763752579689026,-0.8415042757987976,0.6336871981620789
88:1.0130118131637573,-0.8159398436546326,0.49644744396209717,0.06210805103182793,0.668997049331665,-0.4219805598258972,-0.20242558419704437,0.6298978924751282
91:0.41817599534988403,-0.8545721769332886,1.24615478515625,-0.41479629278182983,0.8656429648399353,-0.2755725085735321,-0.6213169097900391,0.9777873754501343
94:0.7733114957809448,-1.2543997764587402,0.6002497673034668,-0.10222730785608292,0.5216255784034729,-0.26079246401786804,-0.48141220211982727,0.10636062920093536
97:0.3176500201225281,-0.8539534211158752,-0.3828747272491455,0.2582586705684662,0.7728769183158875,-0.3358476758003235,-0.6613460183143616,1.0199811458587646
100:0.5176321268081665,-0.7140505909919739,0.8317841291427612,-0.17488688230514526,0.8923344016075134,-0.11760648339986801,0.06048620492219925,0.8584368824958801
103:0.67189621925354,-1.0898815393447876,0.22535274922847748,0.3091999590396881,0.9907044768333435,-0.2039589136838913,-0.7555671334266663,0.7552213668823242
106:0.219160258769989,-0.6486310362815857,1.4228841066360474,-0.1186671331524849,1.180690884590149,-0.530185878276825,0.36959925293922424,0.578729510307312
109:0.3856959044933319,-1.1383627653121948,1.1427879333496094,0.006766290869563818,1.0346843004226685,0.07360314577817917,-0.1838034689426422,0.5395843982696533
112:1.1279844045639038,-0.6601616144180298,0.8497770428657532,-0.46064090728759766,1.4663580656051636,-0.06769418716430664,0.6477092504501343,0.46539759635925293
115:0.6854467391967773,-1.0227575302124023,1.1665774583816528,-0.34328827261924744,0.46115997433662415,-0.4304265081882477,-0.09599452465772629,0.9875643849372864
118:0.9113437533378601,-1.151026725769043,1.038353681564331,0.2520177960395813,0.7142001390457153,-0.12496370077133179,-0.24381119012832642,0.38450032472610474
121:0.7556664347648621,-1.079927921295166,0.948392391204834,-0.030825695022940636,0.7353411912918091,-0.04360876604914665,0.24310743808746338,0.9328635931015015
124:0.3247998058795929,-0.7689157128334045,1.3903778791427612,-0.2912404239177704,0.7288321256637573,-0.3137161433696747,-0.08959444612264633,0.448996365070343
127:0.7254306077957153,-0.7745373845100403,1.8740909099578857,-0.4187404215335846,0.3578137159347534,-0.2920824885368347,0.4489314556121826,0.4959792196750641
130:0.7104614973068237,-0.6042273640632629,0.6069992184638977,-0.229214146733284,0.9086467027664185,-0.5287269949913025,-0.2197296917438507,0.672881543636322
133:1.0190763473510742,-0.9431322813034058,-0.2486160844564438,-0.3682004511356354,-0.3449764549732208,-1.0407596826553345,-0.7338336110115051,0.2696177661418915
136:0.290429025888443,-0.7326904535293579,1.3716635704040527,-0.727512538433075,0.967222273349762,-0.25116974115371704,-0.08599363267421722,0.11812137067317963
139:0.4108586311340332,-1.0838757753372192,1.0592057704925537,-0.4925323724746704,0.9901300072669983,-0.518709123134613,0.16476283967494965,0.3525261878967285
142:0.4780820906162262,-0.702895998954773,0.5684453845024109,-0.015052427537739277,1.1249759197235107,0.1068917065858841,0.3321150541305542,0.3378725051879883
145:0.06505115330219269,-1.1175774335861206,1.8830323219299316,-0.7584048509597778,0.04198933020234108,-0.45756199955940247,0.021883666515350342,1.1659505367279053
148:1.0196523666381836,-0.9664705991744995,0.9751656651496887,-0.03664996847510338,0.894196093082428,-0.04239228367805481,-0.27621763944625854,0.4369891583919525
151:0.0048879338428378105,-1.1915481090545654,1.2470118999481201,0.09629951417446136,0.923916757106781,0.09544185549020767,-0.5445687174797058,0.4871074855327606
154:0.20492802560329437,-1.0961896181106567,1.5142573118209839,0.21193747222423553,0.6931443810462952,0.2963486611843109,-0.19274264574050903,0.8650181293487549
157:0.5225010514259338,-0.9639115929603577,0.5107332468032837,0.14178647100925446,0.6278773546218872,0.03255234286189079,-0.5816513895988464,0.9255226254463196
160:0.7018877267837524,-1.299707293510437,1.3497633934020996,0.11748839169740677,0.296946257352829,-0.3385889232158661,0.07436785846948624,0.21158285439014435
163:0.8278799057006836,-1.5246402025222778,0.6345729827880859,0.45538586378097534,0.35335439443588257,-0.2691240608692169,-0.22496183216571808,0.04692554846405983
166:0.41646113991737366,-1.2531152963638306,1.033718466758728,-0.4236249327659607,0.9768008589744568,-0.09593090415000916,0.18450602889060974,0.12000199407339096
169:0.2185748815536499,-1.2669697999954224,1.194205403327942,-0.7951278686523438,0.6228955388069153,0.12847501039505005,-0.6450597047805786,0.5644070506095886
172:0.22378994524478912,-0.9758751392364502,1.1310240030288696,0.926804780960083,0.2325725555419922,-0.36900976300239563,-0.09398389607667923,1.1822925806045532
175:0.6864467263221741,-0.8882170915603638,0.8868550062179565,-0.27515676617622375,0.8003940582275391,-0.5829563140869141,-0.45493796467781067,0.44849851727485657
178:0.23276501893997192,-0.4279913902282715,0.9310427904129028,0.01435333862900734,1.0625789165496826,-0.2286849021911621,-0.2669069766998291,0.8096381425857544
181:0.7910938262939453,-1.2346726655960083,0.7631281018257141,-0.05036860704421997,0.8410231471061707,-0.13487952947616577,-0.2960067093372345,0.9457340240478516
184:0.4979613721370697,-0.85080486536026,0.7898308038711548,0.09675727784633636,1.1117111444473267,-0.13624678552150726,-0.34129655361175537,0.7839184999465942
187:0.6001691818237305,-1.4814198017120361,0.6657738089561462,0.036352332681417465,0.19358126819133759,-0.6527085900306702,0.30470895767211914,0.8893108367919922
190:0.3469909429550171,-1.4062310457229614,0.656256377696991,0.33400437235832214,1.1113381385803223,0.20471641421318054,-0.019793815910816193,0.7457608580589294
193:0.35673514008522034,-1.1556931734085083,1.3933988809585571,-0.157233327627182,0.5072569251060486,-0.010073167271912098,0.4010752737522125,1.0227696895599365
196:0.7253014445304871,-0.911922037601471,1.6126645803451538,-0.37509018182754517,0.42066046595573425,-0.15848375856876373,-0.1523788869380951,0.547957718372345
199:0.5692155361175537,-0.9421752691268921,0.9938398003578186,-0.23563319444656372,0.5446171760559082,-0.06997732073068619,-0.32139572501182556,0.8602979779243469
202:0.159121572971344,-1.09433913230896,0.9704552292823792,-0.07260841876268387,1.207829236984253,0.12343672662973404,0.10878472775220871,0.7303081154823303
205:0.6403006315231323,-0.21346019208431244,0.45131218433380127,-0.7022885084152222,0.6315780878067017,-0.5822857022285461,-0.9977031350135803,1.16715669631958
208:0.5551180243492126,-1.319983959197998,1.2138479948043823,0.012009914964437485,0.25070032477378845,-0.36520639061927795,-0.24543723464012146,0.665989100933075
211:1.0439907312393188,-1.4086564779281616,0.9346610307693481,-0.06506247073411942,0.7535377144813538,0.0758056640625,0.1641572266817093,0.3980850577354431
214:0.5245562195777893,-1.1587860584259033,0.9100645780563354,0.1425362080335617,0.6980934739112854,-0.5046302080154419,-0.25135618448257446,0.7352004647254944
217:-0.11832074075937271,-0.9776700735092163,1.2831803560256958,-0.2461112141609192,0.8769056797027588,-0.2189323455095291,-0.8420321941375732,0.9070545434951782
220:0.8616406917572021,-1.069932460784912,0.24291005730628967,-0.1787870079278946,1.2199301719665527,0.03867456689476967,-0.011254495941102505,0.6445274949073792
223:0.9201376438140869,-0.42751428484916687,1.232109785079956,-0.03551161289215088,1.280265212059021,0.13955655694007874,0.006481005810201168,0.584324836730957
226:0.7561108469963074,-0.21764297783374786,1.274768352508545,-0.8690725564956665,0.9061961770057678,-0.12254432588815689,-0.49585437774658203,-0.21063530445098877
229:0.6005085110664368,-1.0100204944610596,0.8099979162216187,-0.07817546278238297,0.8809546828269958,-0.4247189462184906,-0.3599632680416107,0.6478323936462402
232:0.531064510345459,-0.3818672001361847,1.0331573486328125,-0.4935954213142395,1.3062536716461182,-0.11672575026750565,-0.028086747974157333,1.2278592586517334
235:0.28823959827423096,-1.238198161125183,1.163820743560791,-0.14092795550823212,0.6958670020103455,-0.5013566017150879,-0.20387394726276398,0.8292330503463745
238:0.5465848445892334,-0.7628700137138367,0.5983781814575195,-0.5377475023269653,1.1365785598754883,-0.563995361328125,-0.3573285639286041,0.3498077392578125
241:0.4499412178993225,-1.0537220239639282,0.7111826539039612,0.4618341326713562,0.5053232312202454,0.030525369569659233,0.2088480442762375,0.8856092095375061
244:0.358025461435318,-1.054630994796753,1.454696536064148,-0.5460141897201538,0.1275530755519867,-0.8421889543533325,-0.6245710253715515,0.20151486992835999
247:0.3191431164741516,-1.111747145652771,1.1867268085479736,-0.2805585563182831,0.5899665951728821,0.027697935700416565,-0.31500089168548584,0.7098156809806824
250:0.5993825793266296,-1.1626043319702148,1.0100847482681274,-0.459290474653244,1.0179847478866577,-0.1051592007279396,-0.35779649019241333,0.4888317584991455
253:0.7219863533973694,-0.9361668825149536,0.9825206995010376,-0.5083940625190735,0.9941202998161316,-0.19410309195518494,-0.40250787138938904,0.06205993890762329
256:0.5634512901306152,-0.8206260204315186,1.04105544090271,0.40406131744384766,0.6208595633506775,-0.23279814422130585,0.6143335103988647,0.44809722900390625
259:0.3493647277355194,-0.9668192267417908,0.5108543634414673,-0.26777976751327515,0.4958969056606293,-1.287017822265625,0.1798478066921234,0.9909151196479797
262:0.27809199690818787,-0.9678699970245361,-0.03791046515107155,0.3381807804107666,0.5490067601203918,-0.08009824901819229,0.11576896160840988,1.0312836170196533
265:0.2959577441215515,-0.6194462776184082,1.025312066078186,0.502437949180603,1.226049542427063,-0.636885404586792,-0.25079742074012756,0.28745871782302856
268:0.8995814323425293,-0.8601601719856262,1.0736773014068604,0.030893396586179733,0.496638685464859,-0.1394643485546112,-0.40475475788116455,0.5494906306266785
271:0.3447522819042206,-0.6873242855072021,0.8077778816223145,-0.1169506162405014,0.870979905128479,-0.632251501083374,-0.8013741970062256,0.799579918384552
274:0.6077067255973816,-0.746501088142395,0.5227653384208679,0.534123420715332,0.7017843723297119,0.001665160059928894,-0.3926393985748291,0.9094361662864685
277:0.47877368330955505,-1.1650569438934326,1.0353953838348389,-0.2171497493982315,1.175126075744629,-0.1538042277097702,-0.46766114234924316,0.0795445367693901
280:0.7429062724113464,-1.2718768119812012,0.7505711317062378,-0.06748507171869278,1.0385000705718994,0.08576209098100662,-0.014588291756808758,0.9332913160324097
283:1.2944998741149902,-0.6440650820732117,0.3489503860473633,0.009554878808557987,0.6051059365272522,-0.2815491259098053,-0.17009519040584564,1.0260580778121948
286:0.1117561012506485,-0.5525627136230469,1.6660271883010864,-0.4435265064239502,0.6877774596214294,0.14466728270053864,-0.1682465523481369,0.12698188424110413
289:1.1560271978378296,-0.41893288493156433,1.6125240325927734,-0.3151962161064148,0.5614499449729919,-0.6945598125457764,0.5341578125953674,0.3789338171482086
292:0.6576228141784668,-1.2064253091812134,0.9422383904457092,-0.2513377368450165,0.706010639667511,-0.28319138288497925,0.02075786329805851,0.6680770516395569
295:0.44619572162628174,-1.0341529846191406,1.2753337621688843,-0.35144126415252686,0.6950864195823669,-0.14883381128311157,-0.2887345254421234,0.5515483021736145
298:0.9345262050628662,-1.285353660583496,0.7300429344177246,0.1210387721657753,0.5571054220199585,-0.525494396686554,-0.5490406155586243,1.048924446105957
301:-0.8205899596214294,-1.3414101600646973,1.5414795875549316,0.6888465881347656,0.4310227632522583,-0.6383594274520874,0.6661819219589233,0.3427566587924957
304:0.2265215367078781,-0.9970582127571106,0.2091805785894394,0.6748608946800232,0.7996886968612671,0.15251609683036804,-0.6550699472427368,1.3714147806167603
307:0.6711748838424683,-1.1185756921768188,0.5634699463844299,0.1036449521780014,0.7883604168891907,-0.18386904895305634,-0.6646127700805664,0.8260033130645752
310:0.06204419583082199,-1.3125886917114258,0.44922909140586853,-0.0932948887348175,-0.14367541670799255,0.8355475664138794,0.27979525923728943,1.2803007364273071
313:0.7608807682991028,-0.9167729020118713,1.2979800701141357,-0.4505634903907776,0.5299879908561707,-0.17134179174900055,-0.07356090843677521,0.2689957916736603
316:0.28616952896118164,-0.8311613202095032,0.9522085785865784,-0.47390344738960266,0.5753355622291565,-0.42059293389320374,-0.49434560537338257,0.7337775826454163
319:0.40677130222320557,-0.7184522747993469,1.506394624710083,-0.5035368204116821,0.5166722536087036,0.26272693276405334,0.43321770429611206,0.5578909516334534
322:0.4338339567184448,0.03449687734246254,0.9847555756568909,0.43367767333984375,1.328101634979248,-0.534576416015625,-0.22595220804214478,0.9604501724243164
325:-1.004980206489563,-0.9958015084266663,0.8140081167221069,-0.14194144308567047,0.9366660714149475,-0.5420941710472107,-0.023597385734319687,0.34284481406211853
328:0.6670551300048828,-0.7671216130256653,0.7168571352958679,-0.24588538706302643,0.8390423655509949,-0.45167645812034607,-0.1553887128829956,0.42497262358665466
331:0.7936905026435852,-1.1231534481048584,1.0805827379226685,0.18010947108268738,0.2246532142162323,-1.2449795007705688,0.0012814176734536886,0.5222399234771729
334:0.660086452960968,-0.9679260849952698,0.5868483185768127,-0.07176407426595688,1.1553113460540771,0.2070702612400055,-0.5415784120559692,0.37812340259552
337:0.6334260702133179,-0.24586476385593414,1.004503607749939,-0.9736183881759644,1.7684540748596191,-0.07050435245037079,-0.4501536786556244,0.15822355449199677
340:0.4939554035663605,-1.5565621852874756,0.4862610995769501,-0.20212964713573456,0.873907744884491,-0.13760226964950562,-0.3285907506942749,0.40279754996299744
343:0.9021015167236328,-0.19809897243976593,0.8070170283317566,-0.299192875623703,1.0068590641021729,-0.16062462329864502,-0.7516194581985474,1.4024137258529663
346:0.17904096841812134,-0.35272037982940674,1.06302011013031,-0.25703108310699463,-0.07728767395019531,-0.6848284602165222,-0.23594628274440765,1.8457847833633423
349:0.33673304319381714,-0.4734671115875244,0.9320902228355408,-0.4180413782596588,1.5464438199996948,0.09942220896482468,0.05209214612841606,0.8132978677749634
352:0.5077527761459351,-0.6408728957176208,0.8745144605636597,-0.1816881000995636,0.9293301105499268,-0.17080910503864288,-0.6258010864257812,0.6028733849525452
355:0.327092707157135,-0.905227780342102,0.9484690427780151,0.299294114112854,0.8999086022377014,-0.11390392482280731,-0.3219872713088989,0.7000800371170044
358:1.1837583780288696,-0.7967833876609802,0.4267464876174927,0.46618202328681946,1.1069334745407104,-0.7829746007919312,-0.19123469293117523,0.15102165937423706
361:0.6388555765151978,-1.2122615575790405,1.121217966079712,-0.01517596933990717,0.237175852060318,0.022060902789235115,0.2970729172229767,0.8979617953300476
364:0.2536340057849884,-0.4543262720108032,0.3287365436553955,-0.6190551519393921,0.6454144716262817,-2.3932580947875977,0.48913320899009705,0.712536633014679
367:0.7113551497459412,-1.1384371519088745,1.2577099800109863,0.14441350102424622,0.5462750792503357,0.4854178726673126,-0.04894684627652168,0.1478027105331421
370:0.3152717649936676,-0.9453493356704712,0.6447705626487732,-0.27529993653297424,1.3574442863464355,-0.2514744997024536,-0.03858872875571251,0.9611681699752808
373:0.5898292660713196,-0.83152836561203,0.42162880301475525,0.5497605204582214,1.3551961183547974,-0.4663282632827759,0.035061269998550415,0.4189063012599945
376:0.7491353750228882,-1.197587490081787,0.7935579419136047,0.7868337035179138,0.6050472855567932,-0.14162865281105042,0.40060684084892273,0.3103593587875366
379:0.4991340935230255,-0.6299102306365967,0.9267805218696594,0.21420471370220184,1.0412548780441284,-0.016259387135505676,-0.3031759262084961,0.7222866415977478
382:1.0461686849594116,-0.3709954023361206,0.8734946846961975,-0.4622022211551666,0.261543869972229,-1.031603217124939,-0.3346516191959381,0.25803980231285095
385:0.40924060344696045,-1.1509684324264526,0.7444104552268982,0.23183444142341614,0.9311668872833252,0.053196199238300323,-0.19748635590076447,0.5487679243087769
388:0.9108518362045288,-0.9164943099021912,0.5715122818946838,-0.07820117473602295,0.8053352236747742,-0.25742438435554504,-0.2900508642196655,0.9330043792724609
391:1.3027918338775635,-0.4923109710216522,0.6742639541625977,0.6905882358551025,1.0456509590148926,0.5809636116027832,0.06599288433790207,0.45308437943458557
394:-0.036384083330631256,-1.2659450769424438,0.8464742302894592,-0.5742188096046448,0.3536779582500458,0.39644378423690796,-0.46077096462249756,0.762718141078949
397:0.3823597729206085,-1.0441861152648926,0.8298265933990479,-0.07078817486763,0.790471076965332,-0.11179748922586441,-0.5727493166923523,0.6571022868156433
400:0.6995580196380615,-0.961833655834198,0.8797397613525391,0.07713156938552856,0.8336678743362427,-0.2539599537849426,-0.3368740379810333,0.5300007462501526
403:0.3084876835346222,-0.9250736236572266,1.1054280996322632,0.8862109780311584,0.33430400490760803,0.13333146274089813,-0.47487419843673706,0.873924195766449
406:0.8240578770637512,-1.0451970100402832,0.0026384859811514616,0.16167017817497253,1.1429095268249512,-0.15626756846904755,-0.7485616207122803,0.4268125295639038
409:0.9126652479171753,-1.1334967613220215,0.8384214639663696,0.9795170426368713,0.7010046243667603,-0.22566655278205872,0.04252530634403229,0.5707752704620361
412:0.43919622898101807,-1.024705171585083,0.8991096615791321,-0.7809010744094849,0.23207245767116547,0.2878864109516144,0.6495123505592346,0.9492032527923584
415:0.16514155268669128,-0.688315749168396,1.8860926628112793,-0.05985104665160179,0.41853150725364685,0.0728709027171135,-0.20696519315242767,0.6579722762107849
418:0.8437204360961914,-0.6707327365875244,1.2545593976974487,-0.8734387159347534,0.6352953314781189,-0.32821163535118103,-0.1782916784286499,0.404978483915329
421:0.4983207583427429,-0.4082716107368469,1.5149410963058472,0.16376182436943054,0.39280423521995544,-0.6362909078598022,-0.40296921133995056,-0.0036040341947227716
424:0.8524144887924194,-0.33813607692718506,0.2363685518503189,1.1308478116989136,0.8132529258728027,-0.04146573320031166,-0.011566221714019775,0.9321839213371277
427:0.8040463328361511,-1.4924721717834473,0.4339815378189087,0.703768789768219,0.5537737011909485,-0.45154672861099243,-0.07966749370098114,0.36323243379592896
430:0.09293165802955627,-1.4237693548202515,0.3541867136955261,-0.16078980267047882,0.9931033849716187,-0.4015132486820221,-0.13296820223331451,0.9626122713088989
433:0.35598766803741455,-0.8168790936470032,0.7443140745162964,0.40152817964553833,0.8441055417060852,-0.36943870782852173,-0.30573898553848267,1.0854789018630981
436:0.7861448526382446,-0.5023704171180725,0.832283616065979,1.1519601345062256,0.7285274267196655,-0.2484576255083084,-0.2887129485607147,0.5636873841285706
439:-0.04054299369454384,-0.7397454380989075,1.0627250671386719,0.4555699825286865,0.8241080641746521,-0.39416250586509705,0.3203833997249603,0.5487014651298523
442:0.5007786750793457,-1.1786553859710693,1.2838608026504517,-0.21913312375545502,0.6586390137672424,-0.4989517629146576,-0.36649391055107117,0.5199413895606995
445:0.2184070497751236,-1.1268869638442993,0.9786633849143982,-0.6368448138237,0.8339369297027588,0.0033152946271002293,-1.0204585790634155,0.0951627567410469
448:0.2923840582370758,-0.8139893412590027,1.401477336883545,0.26226183772087097,0.6481528282165527,0.10587237775325775,-0.88553786277771,0.8435011506080627
451:0.1172325611114502,-1.3032501935958862,0.8181149363517761,0.8931399583816528,0.30591118335723877,-1.2207715511322021,0.2879129946231842,0.5364518165588379
454:0.5182079076766968,-1.107499122619629,0.705062747001648,0.0916496068239212,0.8281366229057312,0.058283790946006775,-0.3142807185649872,0.9895914196968079
457:0.23176568746566772,-0.9615089297294617,0.11392410844564438,0.6293967962265015,0.6402028799057007,-0.17632152140140533,0.009960307739675045,0.8539400696754456
460:0.27392739057540894,-0.6538479328155518,0.9352799654006958,0.164084330201149,1.0865436792373657,-0.8421128392219543,-0.1497562974691391,0.6549599170684814
463:0.7210387587547302,-0.8214264512062073,0.7975303530693054,0.137189120054245,0.8675534725189209,-0.2888098657131195,-0.04584093764424324,0.5598087310791016
466:1.092185378074646,-0.7994806170463562,1.0398873090744019,0.12970687448978424,0.9190702438354492,-0.26057180762290955,-0.004986874759197235,0.15477141737937927
469:-0.13612648844718933,-1.0993561744689941,1.3616257905960083,0.6649614572525024,0.9084783792495728,0.4149552583694458,0.593376636505127,0.513910710811615
472:-0.0031946469098329544,-0.8868997693061829,0.8657927513122559,0.542493999004364,1.09419846534729,-0.36294612288475037,-0.4306648075580597,0.7030841708183289
475:1.0372780561447144,-0.7188276648521423,0.5220615863800049,0.5427802205085754,0.5671107172966003,-0.190465047955513,-0.732937753200531,0.5859199166297913
478:0.5863255262374878,-1.082037329673767,0.7884268164634705,-0.29696667194366455,0.9557159543037415,-0.22048446536064148,-0.8475986123085022,0.4566223621368408
481:0.6861756443977356,-0.9671174883842468,0.43751269578933716,0.5383809208869934,1.1183747053146362,-0.08270861208438873,-0.5456025004386902,0.7675541639328003
484:1.030604600906372,-1.072943925857544,1.2747318744659424,-0.6410976648330688,0.8604547381401062,-0.07664269208908081,-0.2904221713542938,-0.05172724276781082
487:0.6546621918678284,-1.1134825944900513,1.263150691986084,-0.08623553067445755,0.5918711423873901,-0.40581485629081726,0.2178979218006134,0.5378268361091614
490:0.12833304703235626,-0.5974113941192627,1.8151277303695679,0.47553542256355286,0.6603320240974426,0.6741294264793396,0.0550299808382988,0.37347710132598877
493:0.22651998698711395,-1.1678080558776855,0.961405873298645,-0.23643438518047333,0.8423828482627869,-0.46898913383483887,0.8999128937721252,0.43434861302375793
496:0.23352143168449402,-0.9451606869697571,1.7767648696899414,-0.15781521797180176,0.8370955586433411,0.043600909411907196,-0.09168606996536255,0.18456649780273438
499:0.9631254076957703,-1.0357519388198853,0.24223630130290985,0.6459912061691284,0.9881123304367065,0.12210015207529068,-0.5598198175430298,0.6273190379142761
502:-0.011737131513655186,-0.9463117718696594,0.6380254030227661,0.2024841606616974,1.244314193725586,-0.09696497768163681,-0.048604052513837814,1.1165825128555298
505:0.6325837969779968,-0.7041351795196533,0.810710608959198,-0.0305764339864254,0.6418614387512207,-0.30116358399391174,-0.015834324061870575,0.5650334358215332
508:0.7240549325942993,-1.2195173501968384,0.9423156976699829,0.3419158458709717,0.8376995325088501,0.38423678278923035,-0.10940834134817123,0.5445293188095093
511:0.6536991000175476,-1.3511476516723633,0.8256223797798157,0.3351700007915497,1.209885597229004,-0.5425156354904175,0.1646445244550705,0.2156195193529129
514:0.5273973941802979,-0.9956097602844238,0.45962652564048767,0.4796440005302429,1.0497328042984009,-0.05661925673484802,-0.4552224278450012,0.7208247780799866
517:0.6371608376502991,-1.399135947227478,1.2954846620559692,-0.352744996547699,0.6008806824684143,-0.2711758315563202,0.28852176666259766,0.7390809059143066
520:0.8729252219200134,-1.074634075164795,0.4771476984024048,0.6028751134872437,0.7443230748176575,-0.20892392098903656,-0.5525749325752258,0.3661837875843048
523:0.5128009915351868,-0.9669215679168701,1.2683411836624146,-0.4328782260417938,0.7984910011291504,-0.23611029982566833,-0.14417147636413574,0.552776038646698
526:0.7932074069976807,-1.2213385105133057,0.6567206382751465,-0.42793673276901245,0.8687731623649597,0.09289731830358505,-0.3904617428779602,0.5453517436981201
529:1.2090340852737427,-0.545581579208374,0.2376117706298828,0.21699509024620056,0.9073446393013,-0.4709211587905884,0.05913488194346428,0.7697161436080933
532:0.0882987231016159,-0.7590019106864929,1.1025431156158447,-0.5314715504646301,0.8931108117103577,-0.2263508141040802,-0.2848094403743744,0.7358736991882324
535:0.3201349079608917,-0.8351160287857056,1.0016288757324219,-0.03965238481760025,0.4223445951938629,0.21965382993221283,-0.2852815091609955,0.6533583998680115
538:0.7923691272735596,-1.1641052961349487,0.5202182531356812,0.44399043917655945,0.9831522107124329,-0.2507469356060028,0.23457899689674377,0.5122120380401611
541:0.4561079442501068,-0.8325437903404236,0.7355381846427917,-0.1038588210940361,0.3582477271556854,0.03230983018875122,-0.2149263173341751,1.2535868883132935
544:0.7721589803695679,-0.977497935295105,0.7986351251602173,0.06087768077850342,0.9523508548736572,0.011380561627447605,-0.4946346580982208,0.9515230059623718
547:0.7571152448654175,-0.958699107170105,0.570879340171814,0.6445235013961792,0.17005251348018646,-0.43300220370292664,-0.6285094022750854,0.9045580625534058
550:0.6462389230728149,-0.6674618721008301,0.7770029306411743,0.21786168217658997,1.4101626873016357,-0.17277219891548157,-0.1958450973033905,0.578263521194458
553:0.36984750628471375,-0.9560523629188538,1.2368501424789429,-0.667361855506897,0.49475976824760437,-0.07068226486444473,-0.8236418962478638,0.4600434899330139
556:0.35995277762413025,-0.9788836240768433,1.8839081525802612,-0.6140579581260681,0.7483983039855957,0.1718527227640152,-0.2990971505641937,-0.0952378585934639
559:0.6017993092536926,-1.0573766231536865,1.3884520530700684,0.08525305241346359,0.9189160466194153,-0.07332684844732285,-0.23522412776947021,0.45448583364486694
562:0.316703200340271,-0.9716405272483826,1.1747080087661743,-0.2579689025878906,0.8890247941017151,-0.26432788372039795,-0.31494829058647156,0.71800297498703
565:0.07855307310819626,-1.2398358583450317,0.7383630275726318,-0.6421431303024292,1.1913087368011475,-0.2885949909687042,0.4880639910697937,0.42489171028137207
568:0.2560514509677887,-0.47617772221565247,1.8445141315460205,0.4299381673336029,0.7291215062141418,0.4809911251068115,-0.01751994714140892,0.9741690754890442
571:0.31489071249961853,-0.7946760058403015,1.2444580793380737,0.11741586774587631,0.4133129417896271,0.06117697432637215,-0.7573844194412231,1.0688666105270386
574:0.6590953469276428,-1.0437146425247192,0.7147879600524902,-0.05385774374008179,0.67964106798172,-0.08834591507911682,-0.30136001110076904,0.7950851321220398
577:0.8007262349128723,-0.8793602585792542,1.0608340501785278,0.05227885767817497,1.009813666343689,-0.2833240330219269,-0.430848091840744,0.8748934864997864
580:0.378128319978714,-0.9049138426780701,0.5392497777938843,0.11091920733451843,0.8311499357223511,-0.20315787196159363,-0.3340500593185425,0.8553584218025208
583:0.8677435517311096,-0.9467931985855103,0.6644022464752197,0.29494646191596985,0.9281978011131287,0.1457124948501587,-0.3386313319206238,0.546943187713623
586:1.3806577920913696,-0.3424643576145172,0.41229668259620667,-0.3523489832878113,0.9376324415206909,0.7808164358139038,-0.8949347138404846,0.6807839274406433
589:0.389614462852478,-0.742356538772583,1.359895944595337,-0.5302000641822815,0.6374762654304504,0.008348359726369381,-0.2734517455101013,0.6940592527389526
592:-0.013558391481637955,-1.075387716293335,1.4073363542556763,-0.14285889267921448,0.07023734599351883,0.326693594455719,-1.2429752349853516,1.076583981513977
595:0.18560642004013062,-1.5561978816986084,0.5945215225219727,0.6231905817985535,1.1267956495285034,-0.45196908712387085,-0.022480197250843048,0.17096219956874847
598:0.2305397242307663,-1.1593941450119019,0.7865335941314697,0.1737975776195526,0.6993709206581116,-0.38833001255989075,-0.659006655216217,0.6950540542602539
601:0.7060433626174927,-0.9037871360778809,0.6574153900146484,0.13978949189186096,0.714070200920105,0.3028329610824585,-0.6007587313652039,0.8840246200561523
604:-0.08476979285478592,-0.589322030544281,1.0713579654693604,-0.13173764944076538,0.9846970438957214,-1.242295742034912,-0.003804294392466545,-0.20339809358119965
607:0.14570774137973785,-0.9386832118034363,1.0147254467010498,-0.36681777238845825,0.8209652900695801,-0.06379596889019012,-0.5222307443618774,0.7742842435836792
610:0.040152110159397125,-1.2489840984344482,0.37539684772491455,0.22442856431007385,0.34254544973373413,-0.39287835359573364,-0.603888750076294,1.0316200256347656
613:0.5408558249473572,-0.9832878112792969,0.5827426314353943,-0.1970042586326599,0.8752330541610718,-0.16008685529232025,-0.65349280834198,0.5832170844078064
616:0.3615938127040863,-0.7569441795349121,1.5372062921524048,0.06241936609148979,0.705519437789917,0.1456453800201416,-0.014166368171572685,0.6174773573875427
619:0.48609164357185364,-1.0324556827545166,1.097346544265747,0.05479642003774643,0.9804473519325256,-0.2055189162492752,-0.46135416626930237,0.28832367062568665
622:0.8236689567565918,-0.803844153881073,1.3807599544525146,-0.4600427448749542,1.100791335105896,-0.2731000781059265,-0.3317643404006958,0.28858208656311035
625:0.957912266254425,-1.0966099500656128,0.763321042060852,-0.2506929337978363,0.6512033343315125,-0.35492226481437683,-0.7985873818397522,0.5066993832588196
628:-0.0641515702009201,-0.6530293226242065,0.2584022283554077,0.5564549565315247,1.084592342376709,-0.06725512444972992,-0.09214358031749725,0.8263121247291565
631:0.8048278093338013,-1.078574776649475,0.8225186467170715,0.38087019324302673,1.0160526037216187,0.3732309341430664,-0.39908140897750854,0.3449321389198303
634:0.6444573998451233,-0.758807361125946,0.2789627015590668,0.3796067237854004,1.0797611474990845,0.3201693296432495,-0.7003933191299438,0.5591039061546326
637:0.40657976269721985,-0.9867218136787415,1.192095160484314,-0.14065022766590118,1.0188558101654053,0.09676284343004227,-0.4242894649505615,0.6513509750366211
640:0.9001919031143188,-0.6830069422721863,1.1560972929000854,-0.39991840720176697,0.9352320432662964,0.5968438982963562,-0.08873310685157776,0.644855797290802
643:0.6674386858940125,-1.3892385959625244,0.48764166235923767,-0.08526639640331268,1.0245572328567505,-0.3541027009487152,-0.8712646961212158,0.1432073414325714
646:0.5715169310569763,-0.6980258226394653,1.4875359535217285,-0.711469292640686,1.0685632228851318,-0.4160175919532776,-0.20075836777687073,0.6036604046821594
649:0.7397152781486511,-0.9151045083999634,0.7694605588912964,-0.08053456246852875,0.6121106743812561,-0.1976361721754074,0.23229146003723145,1.0189677476882935
652:0.644196093082428,-0.5738064050674438,1.553222417831421,-0.28588244318962097,0.8306691646575928,-0.30475500226020813,0.056766435503959656,0.8540500402450562
655:0.43562185764312744,-0.6081016063690186,1.3701528310775757,-0.33251988887786865,1.1213719844818115,-0.031036335974931717,0.1492096483707428,0.8431442379951477
658:0.8872290253639221,-1.0480217933654785,1.1982096433639526,-0.04673554748296738,0.839152455329895,-0.29828107357025146,0.10165471583604813,0.4840622842311859
661:1.2267999649047852,-0.8366321921348572,0.26976823806762695,0.035834282636642456,1.124191403388977,-0.04124728590250015,-1.1753393411636353,0.31940099596977234
664:0.529694139957428,-0.8729960918426514,0.9481846690177917,-0.247086301445961,0.7370294332504272,0.10608065873384476,-0.548056423664093,0.8820286393165588
667:0.3602216839790344,-0.815719485282898,0.8816568851470947,0.24549861252307892,1.300941824913025,0.2197107970714569,-0.08522851765155792,0.41063398122787476
670:0.8949329257011414,-1.1602824926376343,0.8911684155464172,0.23518750071525574,0.16857288777828217,0.3580962121486664,0.7859313488006592,1.2132476568222046
