2:-1.2693613767623901,0.16408970952033997,0.3958754539489746,0.6056520938873291,-1.1902183294296265,-0.28076842427253723,0.12151146680116653,0.1760936975479126
5:-0.9416568279266357,-0.06480411440134048,-0.039705436676740646,0.7059438824653625,-1.5992892980575562,-0.19436979293823242,0.1023775190114975,-0.04248296469449997
8:-0.9125245213508606,0.18446201086044312,-0.44455254077911377,0.9619086384773254,-0.9273019433021545,-0.7859874963760376,0.07109718024730682,0.3242199122905731
11:-1.2449840307235718,0.46476250886917114,0.732295572757721,0.8355515599250793,-0.9931135773658752,-0.9079501628875732,0.05460009351372719,0.2683965563774109
14:-0.5340558290481567,0.30311885476112366,-1.0031464099884033,0.9710026383399963,-1.0092731714248657,-0.24519133567810059,-0.2954355478286743,0.8987599611282349
17:-1.175808072090149,0.4820154309272766,-0.6551823019981384,0.7355656027793884,-0.6052616238594055,-0.9387261271476746,-0.2116566300392151,-0.44795411825180054
20:-0.5307326912879944,-0.2532886564731598,0.284096896648407,0.8259763121604919,-1.5242254734039307,0.42549675703048706,-0.9776744842529297,-0.6136168241500854
23:-1.1306920051574707,0.24929095804691315,-0.20971757173538208,0.9457067251205444,-0.7687985897064209,-0.6485573649406433,-0.08186894655227661,-0.17778640985488892
26:-0.8961412906646729,0.004552353639155626,0.29912319779396057,0.9870280623435974,-0.5249538421630859,-1.0747746229171753,0.42046889662742615,0.5356422066688538
29:-0.7233803272247314,-0.11960937827825546,-0.3290005624294281,1.4005825519561768,-0.2739298343658447,-1.2518870830535889,0.4782029688358307,0.3606893718242645
32:-0.6082257032394409,0.09940563887357712,-0.3933164179325104,0.9497413635253906,-1.4250801801681519,-0.7144505977630615,0.262393593788147,0.6215642690658569
35:0.29198747873306274,0.5178490281105042,0.030378596857190132,1.048540711402893,-1.1212941408157349,0.3350672721862793,1.2939155101776123,0.5729434490203857
38:-0.9269672632217407,0.5734389424324036,-0.029243286699056625,1.095679521560669,-1.021089792251587,-0.4808120131492615,0.2818998396396637,-0.07016206532716751
41:-1.008677363395691,0.09227752685546875,-0.1666051745414734,0.7533301711082458,-1.3736885786056519,-0.6118571162223816,0.13757319748401642,0.6750382781028748
44:-0.7530286312103271,-0.6353141665458679,0.49981990456581116,0.4740958511829376,-1.6562827825546265,-0.4489816427230835,0.01689513400197029,0.21003177762031555
47:-0.5858250856399536,-0.2605714201927185,-0.6446503400802612,1.4819154739379883,-1.307504653930664,-0.18039382994174957,0.27070972323417664,0.4102153182029724
50:-0.7290725111961365,-0.04887961968779564,0.04430598393082619,1.1398519277572632,-1.043646216392517,-0.18468458950519562,0.33558961749076843,0.102672278881073
53:-0.07519787549972534,-0.18622061610221863,0.47179165482521057,1.5646002292633057,-0.7855095863342285,-0.8439140915870667,1.2106341123580933,0.28824853897094727
56:-0.9978207349777222,0.18713630735874176,-0.220508873462677,1.4824126958847046,-0.60219806432724,-0.21416039764881134,-0.5999156832695007,-0.17018331587314606
59:-0.8971334099769592,1.2319334745407104,0.2964858114719391,1.1505225896835327,-0.07603150606155396,-0.7119590640068054,-0.6053457856178284,0.045007310807704926
62:-0.9833421111106873,0.2087610363960266,-0.0319075845181942,1.1711430549621582,-0.7084335088729858,-0.8249404430389404,0.0715523362159729,0.44823235273361206
65:-1.0969070196151733,1.2711271047592163,-0.004083077888935804,0.7938390970230103,-0.06588715314865112,-0.8374947905540466,0.7745238542556763,0.048160240054130554
68:-0.6880331635475159,0.3312085270881653,0.015283521264791489,0.8717775344848633,-1.3926883935928345,0.023945970460772514,-0.18813398480415344,0.4241805076599121
71:-0.5797020196914673,0.9195262789726257,-0.6531140208244324,1.2277904748916626,-0.9192110300064087,-0.31855371594429016,0.5387738943099976,-0.4119250774383545
74:-1.054900050163269,0.4246509075164795,0.15733104944229126,1.0285124778747559,-1.2321579456329346,-0.3242836892604828,0.2438235729932785,0.7333237528800964
77:-1.3627103567123413,-0.08405735343694687,-0.17371436953544617,0.6589909195899963,-0.6957115530967712,-0.5862616300582886,-0.3831515908241272,0.4457419216632843
80:-1.3337836265563965,0.7858961820602417,0.18932700157165527,0.5703316926956177,-1.1203210353851318,-0.4873104989528656,-0.09999774396419525,-0.2657819390296936
83:-1.6390278339385986,0.40295839309692383,-0.02844557724893093,0.6432737708091736,-1.0508694648742676,-0.1644102931022644,-0.5687627792358398,0.02972181886434555
86:-1.3561400175094604,0.7033331990242004,0.08740489929914474,1.125915288925171,-0.337624728679657,-0.3019353449344635,0.219841867685318,0.12969376146793365
89:-0.9520605802536011,-0.09636225551366806,-0.10043728351593018,0.8685548901557922,-1.6767709255218506,-0.857874870300293,0.11585476994514465,0.36947450041770935
92:-0.8829956650733948,0.2713053524494171,-0.4813084006309509,1.2234745025634766,-0.7123125195503235,-0.5122575759887695,0.11149565875530243,-0.13566254079341888
95:-1.178637981414795,0.24742329120635986,-0.16782373189926147,1.022133231163025,-1.2650172710418701,-0.507809579372406,0.1897018700838089,0.5538839101791382
98:-1.3835854530334473,-0.45987021923065186,-0.3361107110977173,0.7547401189804077,-1.5438368320465088,-0.3541896641254425,-0.4381728768348694,-0.16457577049732208
101:-0.8910477757453918,0.008367212489247322,-0.159214586019516,1.381097435951233,-0.8260911107063293,-0.5177038311958313,0.034859396517276764,0.2551429867744446
104:-0.8478474020957947,0.1492220014333725,0.032189566642045975,1.1012829542160034,-1.1011790037155151,-0.7048085927963257,0.14941595494747162,0.27169907093048096
107:-0.1586671769618988,0.8559017181396484,-0.17646002769470215,1.2418285608291626,-0.44730910658836365,-1.1468924283981323,0.15423889458179474,-0.5937805771827698
110:-0.43055254220962524,0.12010693550109863,-0.40485474467277527,1.0771093368530273,-1.9332330226898193,0.0442025251686573,0.5196111798286438,0.6486973166465759
113:-0.8399816155433655,0.04326040297746658,0.25871917605400085,1.4326072931289673,-1.8085168600082397,0.4100102186203003,0.8390939235687256,0.5156680345535278
116:-0.679467499256134,-0.16743546724319458,-0.15048539638519287,0.9087870121002197,-1.0090956687927246,-1.1611822843551636,-0.6306612491607666,0.6923150420188904
119:-0.8858769536018372,0.8377556800842285,0.044390346854925156,1.0829322338104248,-0.803264319896698,-0.39523181319236755,0.15870925784111023,0.009356260299682617
122:-0.5336897373199463,0.3084493577480316,0.6797531843185425,1.1355886459350586,-0.7864986658096313,-0.0668925791978836,-0.17031994462013245,-0.03996637463569641
125:-1.07256281375885,0.4501469135284424,-0.2725418508052826,1.0621943473815918,-0.982509434223175,-0.5774186849594116,0.42464926838874817,-0.2731330394744873
128:-0.7973238229751587,0.08171293884515762,0.8352711200714111,1.3833916187286377,-1.4931464195251465,0.10108579695224762,-0.006020675878971815,0.2344622015953064
131:-0.24075913429260254,1.053994059562683,0.21632707118988037,1.141001582145691,-1.3630032539367676,-0.5732569098472595,0.16122283041477203,0.2782568037509918
134:-0.8327052593231201,0.3139318525791168,-0.7114560604095459,0.9708322882652283,-1.1048622131347656,-0.692811131477356,0.18585877120494843,0.5013813972473145
137:-1.0125980377197266,-0.10962890833616257,0.12032189220190048,0.861718475818634,-1.0989707708358765,-1.1468729972839355,-0.5068289637565613,0.35484376549720764
140:0.5162939429283142,0.4381776750087738,0.24435929954051971,1.1095701456069946,-1.6468249559402466,-0.46003833413124084,0.3729507327079773,0.13810144364833832
143:-0.9840726852416992,0.36251160502433777,-4.531750164460391E-4,0.019913651049137115,-1.093862533569336,-1.5401360988616943,0.3567681908607483,-0.24507372081279755
146:-1.0011682510375977,0.15483570098876953,0.20090007781982422,1.1275078058242798,-0.9792731404304504,-0.26409468054771423,-0.1126970425248146,-0.0888611227273941
149:-1.1745973825454712,0.07359336316585541,0.05463667958974838,0.1520736962556839,-1.1806812286376953,-0.7403442859649658,-0.04119584709405899,0.05057442933320999
152:-0.7333061099052429,0.20730608701705933,-0.3360913395881653,1.2168316841125488,-0.6474564075469971,-0.6376287341117859,-0.5047661662101746,0.33016669750213623
155:-0.5131206512451172,0.8310641050338745,-0.40826165676116943,1.1154412031173706,-0.883633553981781,-0.3844185173511505,0.024749569594860077,0.3922877311706543
158:-0.8187740445137024,-0.10586222261190414,-0.9760069847106934,0.4748774766921997,-1.313960075378418,-0.5944828391075134,-0.23087452352046967,0.4288473427295685
161:-0.7565683722496033,-0.027494916692376137,-0.19845248758792877,0.9876576066017151,-1.4009146690368652,-0.17231400310993195,0.3210538923740387,0.11865407228469849
164:-1.0995084047317505,0.29441747069358826,-0.19099271297454834,0.7562958002090454,-0.9467955827713013,-0.5473876595497131,0.5833019018173218,-0.3861495554447174
167:-0.3948584496974945,0.3461226224899292,-0.1493622213602066,1.4397339820861816,-1.5641984939575195,0.3433707058429718,-0.2647859454154968,-0.3297567069530487
170:-1.0701662302017212,0.2444842904806137,0.6236053705215454,0.3306492865085602,-0.4827500581741333,-0.6079083681106567,0.7131370306015015,0.47203606367111206
173:-0.7183701395988464,0.42448827624320984,-0.10747820138931274,0.9326280951499939,-1.5601991415023804,-0.7015758156776428,0.32524168491363525,0.3217675983905792
176:-0.1151890903711319,0.2648290991783142,-0.19728970527648926,1.10529625415802,-0.844843864440918,-0.9973713755607605,-0.4592496454715729,0.06460583955049515
179:-1.3148224353790283,0.5635908842086792,-0.13299675285816193,0.15299278497695923,-1.29401433467865,-0.509360134601593,-1.051635980606079,-0.13492551445960999
182:-0.3342200219631195,-0.18048836290836334,0.3260227143764496,1.4581904411315918,-1.779590368270874,0.39886853098869324,-0.25005394220352173,-0.2562370002269745
185:-0.9008381366729736,0.051522478461265564,-0.07324819266796112,1.0621953010559082,-1.0155121088027954,-0.6148346066474915,0.12471821159124374,0.3280784785747528
188:-0.9152398705482483,0.18587583303451538,-0.005819596350193024,0.7040011286735535,-1.4663459062576294,-0.36735257506370544,0.4487643539905548,-0.17839543521404266
191:-0.2387101799249649,0.6681482195854187,-0.1844918429851532,1.1832759380340576,-0.8005808591842651,-0.45440542697906494,0.6193156242370605,-0.17539151012897491
194:-0.8138321042060852,-0.0010494267335161567,0.09135173261165619,1.0330193042755127,-1.2501038312911987,-0.19502249360084534,0.2198503315448761,0.2679174244403839
197:-0.4190117418766022,0.4086150527000427,0.15328022837638855,1.2468011379241943,-1.6272372007369995,-0.2729724943637848,0.28008559346199036,0.9550862312316895
200:-0.3588275909423828,0.15391793847084045,0.19306688010692596,1.689590573310852,-0.8180907964706421,-0.2215065062046051,0.2526010274887085,0.043251730501651764
203:-1.017613410949707,0.31668999791145325,-0.6901127696037292,0.9325588941574097,-0.9088365435600281,-0.6834307312965393,0.3338077664375305,0.5767467021942139
206:-0.7927910089492798,0.2247646003961563,-0.017166851088404655,0.770392656326294,-1.0546927452087402,-0.7330517172813416,-0.05196915939450264,0.04364263266324997
209:-1.0060839653015137,-0.40952590107917786,-0.31963443756103516,0.7350064516067505,-0.9041199088096619,0.17349426448345184,0.7156308889389038,0.21447665989398956
212:-0.5293485522270203,0.27715304493904114,0.16005875170230865,0.7909319996833801,-1.0453029870986938,-0.8753111362457275,-0.013785411603748798,0.07619835436344147
215:-0.6691826581954956,0.6399301290512085,-0.15916582942008972,1.0858862400054932,-0.9085733890533447,-0.43173232674598694,0.4140835106372833,-0.18461601436138153
218:-1.0342413187026978,0.5855597257614136,-0.3426230251789093,0.9726191163063049,-0.814562976360321,-0.36630725860595703,-0.0504993237555027,0.2287365049123764
221:-0.9828569293022156,-0.3212743103504181,-0.020490380004048347,0.8455293774604797,-0.8094416260719299,-0.28059831261634827,0.004564943723380566,0.08207414299249649
224:-1.0414692163467407,0.11432863771915436,-0.19093017280101776,1.021916151046753,-1.4539127349853516,-0.45377370715141296,0.2955571711063385,0.16656795144081116
227:-0.8425460457801819,-0.4592713415622711,-0.11210376024246216,1.6162564754486084,-0.7848842740058899,-0.09474540501832962,0.7906690239906311,1.5705167055130005
230:-1.1972821950912476,0.6703393459320068,-0.32438209652900696,0.47272050380706787,-1.1801859140396118,-0.8598758578300476,0.19590353965759277,0.28054723143577576
233:-0.8812634944915771,0.36693334579467773,0.013882831670343876,0.8720923066139221,-1.0315784215927124,-0.22150179743766785,0.2929081916809082,0.13734325766563416
236:-0.9644596576690674,1.1159310340881348,-0.4883224666118622,0.799411952495575,-0.47427064180374146,-0.46090617775917053,0.0872572511434555,-0.3823508620262146
239:-1.2896392345428467,-0.059601590037345886,0.03862299770116806,0.8226887583732605,-1.3583903312683105,-0.36004960536956787,-0.1859881430864334,0.07356834411621094
242:-1.0221946239471436,0.3940572142601013,-0.19538041949272156,1.1493765115737915,-1.4479641914367676,-0.43211936950683594,0.09044509381055832,0.0394427515566349
245:-0.09386293590068817,0.09809016436338425,-0.14047040045261383,1.0624895095825195,-1.7509677410125732,-0.5930067300796509,0.6178626418113708,0.11674904823303223
248:-0.7181950211524963,0.6281750798225403,-0.04958658292889595,1.3704484701156616,-1.0787559747695923,-0.6659533381462097,0.45706748962402344,0.3136727213859558
251:-0.43621623516082764,0.23690764605998993,-0.029551614075899124,1.2266664505004883,-1.5222734212875366,-0.7540000677108765,-0.10671691596508026,0.15817008912563324
254:-1.2262216806411743,0.3751835525035858,-0.3123060166835785,0.85569828748703,-1.0073447227478027,0.19666042923927307,0.45807093381881714,-0.17545698583126068
257:-0.6429487466812134,0.8019778728485107,-0.8787568211555481,1.2844716310501099,-0.40147078037261963,0.04930546507239342,-0.4222712814807892,0.7316358089447021
260:-0.2153107076883316,0.28532788157463074,-0.04797302559018135,1.3427120447158813,-1.3400541543960571,-0.4462797939777374,-0.6739803552627563,0.8321163654327393
263:-0.3905552327632904,0.26339849829673767,0.4138314127922058,0.7671328783035278,-1.4396179914474487,-0.16917768120765686,0.17626459896564484,0.3480917811393738
266:-0.35306599736213684,0.2643726170063019,0.562035858631134,1.0497647523880005,-1.2450233697891235,-0.6996980905532837,0.42304930090904236,-0.14753812551498413
269:-0.8213509321212769,0.33899375796318054,-0.7742217183113098,1.1534194946289062,-0.8411315679550171,-0.337274968624115,0.11808355897665024,-0.40194928646087646
272:-0.3866962194442749,-0.09537482261657715,-0.9731696248054504,0.8050323128700256,-1.6120471954345703,-0.3567260503768921,-0.17680597305297852,0.18853627145290375
275:-1.2141833305358887,0.16529197990894318,-0.2393738031387329,0.9412277340888977,-1.5156948566436768,-0.2579825520515442,-0.12211068719625473,0.08988212049007416
278:-0.6701687574386597,0.40383076667785645,0.3760214149951935,0.9732739925384521,-0.6998255252838135,-0.7793815732002258,0.7415032386779785,-0.3935110867023468
281:-1.1028485298156738,0.6359463930130005,0.004715512041002512,0.8338785767555237,-1.069724440574646,-0.13998650014400482,0.06695374846458435,0.07381033152341843
284:-0.35675114393234253,0.4400269091129303,-0.2598673701286316,1.2414370775222778,-1.1535464525222778,-0.47473570704460144,0.9418026804924011,0.4732688367366791
287:-0.933335542678833,-0.1683025360107422,0.13279077410697937,1.1883655786514282,-1.632854700088501,-0.687579333782196,0.08929799497127533,0.13577765226364136
290:-0.674574077129364,0.14742636680603027,-0.05992529168725014,1.1452728509902954,-1.2220277786254883,-0.9221916198730469,0.9931530952453613,0.7844953536987305
293:-0.33190667629241943,0.00838087685406208,-0.30275091528892517,1.4967018365859985,-1.0898851156234741,-0.4000189006328583,0.05654847249388695,0.38261616230010986
296:0.01812801882624626,0.7675259709358215,0.4597565829753876,1.2875982522964478,-1.785957932472229,-0.3484610617160797,0.5788684487342834,0.030162882059812546
299:-1.5018408298492432,0.3197048008441925,-0.5993479490280151,0.9424719214439392,-0.6897650361061096,-0.2640804350376129,0.3102342486381531,0.2915860414505005
302:-0.8004267811775208,0.22221408784389496,-0.07916851341724396,1.0720973014831543,-1.1450445652008057,-0.15968528389930725,0.16759908199310303,0.08051150292158127
305:-1.173060417175293,0.40931421518325806,0.5435240268707275,1.0649791955947876,-0.08186672627925873,0.08825627714395523,0.3216232657432556,0.39541885256767273
308:-1.4686105251312256,-0.9103111028671265,0.013805813156068325,0.625275194644928,-1.1536625623703003,0.1611076444387436,0.8487595915794373,0.5563459396362305
311:-0.11345554143190384,-9.290836751461029E-4,-0.03149494156241417,0.8187220692634583,-1.5256824493408203,-0.4344700872898102,0.13817401230335236,-0.18583442270755768
314:-0.4702956974506378,0.4233860969543457,-0.4094003140926361,1.3913545608520508,-0.9059380888938904,-0.9202346205711365,0.13989683985710144,0.3458368182182312
317:0.20371364057064056,-0.12737248837947845,0.054250746965408325,1.5078399181365967,-1.4981859922409058,0.14807692170143127,-0.1648063361644745,0.48062530159950256
320:-0.7856966853141785,0.3702410161495209,-0.24471598863601685,0.9835726022720337,-0.8294932246208191,-0.813222348690033,-0.0659467875957489,0.011407166719436646
323:-0.5505121946334839,0.6458600759506226,-0.17817525565624237,0.7303527593612671,-1.525363802909851,-0.3555353581905365,0.18216566741466522,-0.007464146241545677
326:-1.1569645404815674,0.08176558464765549,0.014871176332235336,0.02198798395693302,-1.3900567293167114,-0.8079013228416443,0.05881403386592865,-0.43700850009918213
329:-0.9372619390487671,0.4113163352012634,0.2628696858882904,0.678524374961853,-1.7391881942749023,-0.18611298501491547,0.4728991687297821,-0.20725613832473755
332:-0.8960090279579163,0.454122394323349,-1.48386812210083,0.2543985843658447,-0.41168081760406494,-1.0335267782211304,1.7248634099960327,-0.06367911398410797
335:-0.9679852724075317,0.25234758853912354,0.17138224840164185,0.7169232368469238,-0.9854064583778381,-0.6970372796058655,0.22566412389278412,-0.1363331526517868
338:-1.114404559135437,0.17997847497463226,0.020282728597521782,0.7636976838111877,-1.1247074604034424,-0.26609817147254944,0.07158710062503815,0.13587641716003418
341:-0.41316601634025574,0.7055315375328064,1.106937289237976,0.09687380492687225,-1.3052066564559937,-0.3532419800758362,1.0734068155288696,-0.8932499289512634
344:-1.23225998878479,0.41001957654953003,0.18842627108097076,0.9129273295402527,-0.7664722204208374,-0.5395486950874329,0.40821748971939087,0.381668359041214
347:-0.8882558941841125,0.5974755883216858,-0.0757453665137291,0.8645604848861694,-1.057897925376892,-0.2042851746082306,-0.01605580560863018,0.8163702487945557
350:-0.9296496510505676,-0.17449553310871124,-0.36711636185646057,1.0385583639144897,-1.3258569240570068,-0.3221502900123596,0.6699583530426025,0.06925922632217407
353:-0.8096460103988647,-0.11933840811252594,0.02057221345603466,0.7044625282287598,-0.603570282459259,-0.9781352877616882,0.02613258920609951,-0.029452241957187653
356:-0.898032546043396,-1.1557058095932007,0.5420944094657898,1.7777891159057617,-0.4482294023036957,-0.407413512468338,0.2732306122779846,0.39272311329841614
359:-1.2929587364196777,0.47662782669067383,0.45555776357650757,0.7153871655464172,-0.8348703980445862,-0.13613232970237732,0.27934369444847107,-0.6905457377433777
362:-0.8734427690505981,0.501887321472168,-0.07708021253347397,0.42123863101005554,-1.3055295944213867,-0.7530627846717834,0.3218299448490143,0.2754341661930084
365:-0.6400063037872314,0.1341034173965454,-0.02725997567176819,0.8502844572067261,-1.7633333206176758,-0.5833883881568909,-0.30361855030059814,-0.030331803485751152
368:-1.0350539684295654,-0.12291853129863739,-0.05795149877667427,1.2025437355041504,-0.8076161742210388,-0.8800325989723206,0.47962725162506104,-0.21518296003341675
371:-0.6907623410224915,0.3598569631576538,0.3403465449810028,0.27795374393463135,-1.6861602067947388,-0.7361198663711548,0.7943598031997681,-0.0868409126996994
374:-0.23582413792610168,1.1554629802703857,-0.21346169710159302,0.9981749653816223,-0.64341139793396,-1.1063966751098633,0.23339349031448364,0.9304332733154297
377:-0.7159380316734314,-0.5601900815963745,-0.5206339359283447,0.8205983638763428,-1.6240105628967285,-0.3668683171272278,-0.4462376832962036,0.06293319910764694
380:-0.8067324757575989,0.24525922536849976,-0.4793543815612793,0.8547045588493347,-1.038765788078308,-0.8170190453529358,-0.004655446391552687,0.19373619556427002
383:-0.7178053855895996,0.5284979343414307,-0.011632849462330341,1.3709936141967773,-0.8190653324127197,-0.23545025289058685,-0.08196479827165604,-0.18001052737236023
386:-0.7797891497612,0.7027251720428467,-0.33435574173927307,0.6414785385131836,-0.8532367944717407,-0.5604421496391296,0.24217823147773743,-0.2009240686893463
389:-0.36695289611816406,-0.015312446281313896,-0.11425577104091644,1.7595422267913818,-1.1126567125320435,-0.05084226280450821,-0.1596379429101944,-0.2138563096523285
392:-0.9936133027076721,-0.13456837832927704,-0.1194978579878807,1.213145136833191,-0.36702993512153625,-0.8885803818702698,0.20677322149276733,-0.48839685320854187
395:-0.8665066957473755,1.1497206687927246,0.5733702778816223,0.1210295632481575,-0.9780240654945374,-0.4049076735973358,-0.20057077705860138,0.8976691961288452
398:-1.289272427558899,-0.6307279467582703,-0.3475627899169922,0.708878755569458,-1.4770127534866333,-0.27596136927604675,0.300289124250412,0.47903406620025635
401:-1.197582483291626,0.841775119304657,0.03416066616773605,1.1056053638458252,-1.0603739023208618,-0.6734165549278259,-0.30832791328430176,0.3798811435699463
404:-0.725965678691864,0.37477242946624756,-0.23190602660179138,1.8142173290252686,-0.8634827136993408,0.059165503829717636,0.11664993315935135,-0.2145962417125702
407:-0.9627291560173035,0.8863128423690796,-0.17994849383831024,0.8745438456535339,-1.133522868156433,-0.5171504616737366,0.042294520884752274,-0.4604009985923767
410:-0.6328375935554504,-0.6889317035675049,-0.20959924161434174,1.4197707176208496,-1.4852392673492432,-0.0782066062092781,-0.7360674738883972,0.33975592255592346
413:-0.6957732439041138,0.24197135865688324,0.14597705006599426,0.8096655607223511,-1.6282347440719604,-0.5553099513053894,-0.25420689582824707,0.36797505617141724
416:-0.9639919400215149,-0.20435602962970734,-0.2637709677219391,0.9987347722053528,-1.1439069509506226,-0.17373238503932953,-0.016164284199476242,-0.08920019865036011
419:-0.9783064723014832,0.4708544611930847,0.003193523967638612,0.7402637600898743,-1.2657908201217651,0.070215605199337,0.20808038115501404,-0.07895568758249283
422:-1.401774525642395,0.5508207082748413,-0.2538873255252838,0.5994738340377808,-0.9611440300941467,-0.40260812640190125,0.6937817931175232,-0.2833992838859558
425:-0.6647728085517883,0.4348790645599365,0.6251073479652405,1.499550700187683,-0.5275380611419678,-0.13933560252189636,0.10153009742498398,0.35664042830467224
428:-1.4429254531860352,0.617917001247406,-0.5272499322891235,0.8642624616622925,-0.39521658420562744,-0.810240626335144,-0.21672141551971436,-0.05525016039609909
431:-0.89900141954422,0.23150061070919037,-0.1713036745786667,1.1188892126083374,-1.051641821861267,-0.8441525101661682,0.00865066796541214,-0.45009130239486694
434:-0.7668116092681885,0.9440443515777588,0.14055882394313812,0.6533495187759399,-0.8579365611076355,-0.8546461462974548,0.3785405457019806,-0.35913607478141785
437:-1.066962480545044,0.6486924290657043,0.09893053770065308,0.9268561005592346,-0.9115349054336548,-0.6918467879295349,0.06150542199611664,-0.3528483510017395
440:-0.6256943941116333,0.20062419772148132,0.19366148114204407,1.4677565097808838,-1.2330796718597412,-0.006705577485263348,0.35790905356407166,0.3530506193637848
443:-1.1365042924880981,0.3360796570777893,-0.0897982269525528,1.185873031616211,-1.1294236183166504,-0.679953932762146,0.090142160654068,0.3501741290092468
446:-0.9149656295776367,-0.03642096370458603,0.16605201363563538,0.9626873135566711,-1.6796824932098389,-0.6837784051895142,0.0878392830491066,0.011990786530077457
449:-1.0542398691177368,0.3074782192707062,0.08865543454885483,0.9901787638664246,-1.4609344005584717,-0.35174480080604553,0.4845210909843445,0.07181128114461899
452:-0.6883271336555481,0.6556916832923889,0.04540283605456352,0.9737324714660645,-0.9077387452125549,-0.29394102096557617,0.4073650538921356,-0.49427151679992676
455:-0.8902329206466675,-0.2936781644821167,0.06035890430212021,1.0427972078323364,-1.1416343450546265,-0.3551720678806305,-0.14783403277397156,1.0864216089248657
458:-0.5711236596107483,0.11736530065536499,0.11810149997472763,1.05128812789917,-1.2613866329193115,-0.4993134140968323,-0.04127956181764603,0.3911047875881195
461:-0.8862636685371399,0.44078686833381653,-0.5690131783485413,0.7142509818077087,-0.6715719699859619,-0.7637744545936584,-0.3149280250072479,-0.1609450727701187
464:-0.981192946434021,0.5133779644966125,0.26325756311416626,1.2762134075164795,-1.555879831314087,-0.13486348092556,0.31929486989974976,-0.014409098774194717
467:-0.49534228444099426,0.21586769819259644,-0.4991838037967682,0.6540496945381165,-1.835720181465149,-0.19471131265163422,0.563226580619812,0.27447858452796936
470:-0.916929304599762,0.3380497395992279,-0.09017600119113922,0.4596850275993347,-0.9893679022789001,-0.6502920389175415,-0.618248701095581,0.303636759519577
473:-1.073028326034546,0.024430647492408752,0.19562216103076935,1.1599438190460205,-1.383005142211914,-0.6185991764068604,0.6297494769096375,-0.5378023386001587
476:-0.28481024503707886,0.7088636159896851,-0.8874379992485046,0.5020756721496582,-1.1298249959945679,-0.9025410413742065,0.6052413582801819,-0.043317265808582306
479:-0.9121808409690857,-0.046149663627147675,0.21362297236919403,0.9207364320755005,-1.3536971807479858,-0.7986581325531006,0.2990345060825348,-0.01827271096408367
482:-0.44838351011276245,0.4007817804813385,-0.3147343397140503,1.3902287483215332,-1.3838145732879639,-0.35248956084251404,-0.12740187346935272,-0.20894892513751984
485:-0.8544285893440247,0.29163989424705505,0.15915434062480927,0.7776998281478882,-1.542211890220642,0.6375002264976501,-0.04248896986246109,-0.017163975164294243
488:-1.2900564670562744,0.5190161466598511,-0.1771472841501236,0.8875883221626282,-0.9453608393669128,-0.28945091366767883,0.2988308072090149,0.1038547232747078
491:-1.0358240604400635,0.7093563079833984,-0.3960130214691162,0.22558310627937317,-0.9868243336677551,-1.2605805397033691,0.5582733750343323,-0.3772873282432556
494:-0.8018644452095032,0.5549306869506836,0.06876247376203537,1.2207603454589844,-0.815523087978363,-0.6736899018287659,0.11699175089597702,0.03380315750837326
497:-0.6012718081474304,0.38897550106048584,0.011511575430631638,1.495740532875061,-1.0815738439559937,0.45717787742614746,0.6019067168235779,-0.35988086462020874
500:-1.0540482997894287,-0.30322906374931335,0.588740885257721,0.08380592614412308,-1.1872029304504395,-0.690310001373291,0.11222854256629944,-0.20018525421619415
503:-0.8650712370872498,-0.11754968762397766,-0.023647740483283997,0.6313658356666565,-1.3953181505203247,-0.5583468079566956,0.5398569703102112,0.04752401262521744
506:-1.1479291915893555,0.5294351577758789,0.03814545273780823,0.6416344046592712,-0.8930038809776306,-0.05332603305578232,0.09264583140611649,0.9335557222366333
509:-0.6463740468025208,0.8433355689048767,-0.2650986611843109,1.01372230052948,-0.7685914039611816,-0.5192757844924927,0.186066135764122,-0.18779920041561127
512:-0.35853466391563416,0.15410292148590088,0.13594281673431396,0.8922062516212463,-1.4531553983688354,-1.1229026317596436,0.06000175327062607,-0.16790485382080078
515:-0.5552210807800293,-0.5137023329734802,-0.2036968618631363,1.0842474699020386,-1.7031325101852417,-1.0784788131713867,0.07193850725889206,0.014314004220068455
518:-1.1803733110427856,-0.2822692394256592,0.15056897699832916,1.009485125541687,-1.3566110134124756,-0.07646104693412781,0.22940057516098022,-0.09909388422966003
521:-0.7726198434829712,0.5001764297485352,0.009143680334091187,1.037079095840454,-1.0339264869689941,-0.8731061816215515,0.03113136626780033,0.17219996452331543
524:-1.0472646951675415,-0.2206590324640274,0.31063660979270935,0.7933946847915649,-0.9425677061080933,-1.2550052404403687,-0.19145828485488892,0.06287594139575958
527:-0.8217378258705139,0.4351578652858734,-0.5755993723869324,1.1720712184906006,-0.24189502000808716,-0.733147144317627,0.04231411591172218,-0.23333066701889038
530:-1.2115955352783203,0.9688585996627808,0.6148112416267395,0.8565952777862549,-1.1461714506149292,-0.2858966290950775,-0.18713827431201935,0.1178843230009079
533:-0.5105311274528503,0.054191239178180695,-0.19287161529064178,1.1639388799667358,-1.1560765504837036,-0.6053945422172546,-0.41084399819374084,0.337747186422348
536:-0.9377129673957825,0.42926985025405884,0.3354220688343048,1.084291934967041,-1.4252595901489258,-0.513220489025116,-0.1671939492225647,0.6731067895889282
539:-0.3733265697956085,1.1311932802200317,0.2329973429441452,0.9303438663482666,-0.9411176443099976,-0.43267378211021423,0.6698621511459351,-0.2007601410150528
542:-0.8613296151161194,0.2836560904979706,0.8503633737564087,1.4208881855010986,-0.9069303870201111,-0.36707499623298645,0.01029069535434246,0.15276145935058594
545:-1.4393173456192017,0.8679673075675964,0.25061488151550293,0.5327990055084229,-0.8371178507804871,0.052395083010196686,0.7001444101333618,-1.0033719539642334
548:-0.6750954389572144,0.37947219610214233,-0.23762862384319305,0.8841797709465027,-1.1818927526474,-0.36134928464889526,0.18199631571769714,0.30624425411224365
551:-0.9870182275772095,-0.011699761264026165,0.07825326919555664,1.0583469867706299,-1.2154306173324585,0.3078310489654541,0.2278868407011032,0.34588396549224854
554:-0.8302751779556274,0.9408519268035889,-0.08349327743053436,0.6101925373077393,-1.0105968713760376,-0.6128010153770447,0.2654997706413269,-0.4478183388710022
557:-1.0096473693847656,-1.0191963911056519,-0.34115320444107056,0.3811175227165222,-1.2276501655578613,0.482547789812088,0.37485554814338684,0.21991166472434998
560:-1.0805174112319946,-0.2554202973842621,0.07520989328622818,1.112650752067566,-1.3126925230026245,-0.40705540776252747,0.25530073046684265,0.3633117079734802
563:-0.8965650796890259,0.39122650027275085,-0.17049549520015717,1.1180988550186157,-0.7953230738639832,-0.7191198468208313,0.09506958723068237,0.18872295320034027
566:-0.7880329489707947,-0.22441761195659637,0.21837900578975677,1.3583590984344482,-1.3497358560562134,-0.7241807579994202,-0.26282793283462524,0.5215619802474976
569:-0.8263784646987915,0.3049071133136749,0.24195781350135803,1.247626543045044,-1.1880650520324707,-0.49521002173423767,-0.21176934242248535,-0.30186009407043457
572:-0.7212822437286377,0.03344171494245529,-0.14733320474624634,1.1484954357147217,-1.212543249130249,-0.3554658591747284,0.07832158356904984,0.17735707759857178
575:-0.7125440239906311,0.3134506046772003,-0.30341997742652893,0.9438602328300476,-1.1512726545333862,-0.36045151948928833,-0.4016985297203064,-0.7138594388961792
578:-0.12493938207626343,0.15136153995990753,0.44251587986946106,0.3649997115135193,-0.870055615901947,-1.2628668546676636,0.5363107919692993,-0.7140946984291077
581:-0.04895561933517456,-0.20060549676418304,0.6606826186180115,1.2909196615219116,-1.3034619092941284,0.6925414204597473,-0.27665597200393677,0.5079651474952698
584:-0.3697955906391144,-0.26302796602249146,0.21530354022979736,1.6240499019622803,-1.0535380840301514,-0.67117840051651,0.26889514923095703,-0.1851130872964859
587:-0.8898262977600098,0.8151214122772217,-0.12378238141536713,0.8245230317115784,-1.1548888683319092,-0.08633731305599213,0.1793568879365921,-0.2556825876235962
590:-0.9294928908348083,0.18512320518493652,-0.3527590036392212,0.9636611342430115,-1.116482138633728,-0.2723609507083893,0.24966400861740112,0.2704007923603058
593:-1.2005743980407715,0.11810052394866943,-0.1607566773891449,0.6264906525611877,-1.536872386932373,-0.31112194061279297,0.39301005005836487,0.308724045753479
596:-0.8262725472450256,0.2660762071609497,-0.333905428647995,0.8660743832588196,-1.081621766090393,-0.6684842705726624,0.4955444633960724,0.1306719183921814
599:-1.1694425344467163,-0.3188594877719879,0.10084506124258041,0.6577503085136414,-1.4487375020980835,-0.35868504643440247,-0.4302535057067871,0.829802393913269
602:-1.2859838008880615,0.4510878324508667,0.09125164151191711,0.37647145986557007,-1.1141687631607056,-0.7140393257141113,0.09392733871936798,-0.22531329095363617
605:-0.5306037068367004,0.5747314095497131,0.01633402146399021,0.7501137852668762,-1.3668491840362549,0.06641989946365356,-0.6131294369697571,-0.2765645682811737
608:-1.1726676225662231,0.770834743976593,-0.5479069948196411,0.7516338229179382,-0.7137587666511536,-0.5980797410011292,0.295977383852005,0.26180747151374817
611:-0.3146608769893646,-0.2875116169452667,0.15563644468784332,0.4628804922103882,-2.004115581512451,-0.4414379298686981,0.1691807061433792,-0.37213072180747986
614:-0.9389481544494629,1.121057152748108,-0.2966906726360321,0.6794673204421997,-0.6999527812004089,-0.8245630264282227,-0.49759814143180847,-0.012876885011792183
617:-0.887543797492981,0.13513262569904327,0.4703564941883087,0.9939192533493042,-0.9088680148124695,0.15125641226768494,1.1354200839996338,0.09779129177331924
620:-0.8846327662467957,0.9708807468414307,-0.3385453224182129,0.18684805929660797,-0.8489617109298706,-0.6016721725463867,-0.7714908719062805,0.34487003087997437
623:-0.960360050201416,0.33832037448883057,-0.3435180187225342,1.0185825824737549,-1.1108518838882446,-0.7092632055282593,0.046070925891399384,0.19818072021007538
626:-0.9208922982215881,0.17811831831932068,-0.40379810333251953,0.5375202298164368,-1.4529374837875366,-0.27802732586860657,0.9329608082771301,0.43806734681129456
629:0.0206869188696146,-0.6702126860618591,-0.39648234844207764,1.7005330324172974,-1.401499629020691,0.13701806962490082,0.30136728286743164,-0.6078782081604004
632:-0.8740591406822205,0.03873784467577934,-0.1481408327817917,1.282090663909912,-1.1950558423995972,-0.493995726108551,0.16374808549880981,0.4675522446632385
635:-0.24107608199119568,0.9315250515937805,-0.22535736858844757,0.925452470779419,-1.0109256505966187,-0.42149704694747925,0.3394675850868225,-0.10614199191331863
638:-1.4724516868591309,0.2928168773651123,-0.15288527309894562,0.34189650416374207,-1.2656728029251099,0.44374746084213257,0.1998949497938156,0.44018200039863586
641:-0.8762654066085815,0.5747534036636353,0.009451420977711678,0.8050572276115417,-1.567421793937683,-0.3990958631038666,0.21504542231559753,0.24707353115081787
644:-1.1259511709213257,1.4938998222351074,-0.36961981654167175,0.8572946190834045,-0.47919777035713196,-0.556264340877533,0.08578402549028397,0.2981404662132263
647:-1.1938425302505493,0.8141235709190369,-0.2601936459541321,0.4530862867832184,-1.2152973413467407,-0.4834025502204895,0.44946184754371643,-0.18205825984477997
650:-0.7022421956062317,-0.04571356251835823,1.2481378316879272,1.0471463203430176,-1.2085797786712646,-0.7440075874328613,0.44789424538612366,0.3295884132385254
653:-1.2090998888015747,0.029169468209147453,-0.05331037566065788,0.7644948363304138,-1.58692467212677,-0.1717963069677353,0.4096280038356781,-0.5089898705482483
656:-0.9435902833938599,0.3027966618537903,-0.23875464498996735,0.8664425611495972,-1.979129672050476,-0.06085512414574623,0.2757192850112915,0.09916459769010544
659:-0.6843891739845276,0.5224928259849548,-0.1521967202425003,1.011092185974121,-1.0756124258041382,-0.32904163002967834,0.17447488009929657,-0.02687673270702362
662:-0.5643310546875,-0.03562507778406143,0.09904173016548157,1.0678328275680542,-1.411077857017517,-0.027764812111854553,0.3248165547847748,-0.6396384239196777
665:-0.5155428051948547,0.14110024273395538,-0.1925514191389084,1.00397527217865,-1.3706574440002441,-0.26847419142723083,-0.41168317198753357,0.518906831741333
668:-0.5928187966346741,1.3600949048995972,-0.22034333646297455,0.5186898708343506,-0.9677265286445618,-0.539508581161499,0.5403212904930115,0.06958805024623871
671:-0.8885983824729919,0.36098575592041016,0.13702887296676636,1.0069257020950317,-1.1569851636886597,-0.41754356026649475,-0.32314589619636536,0.19536267220973969
