3:0.11328398436307907,-1.219601035118103,0.6925864815711975,-0.008707741275429726,0.7521135807037354,0.26210808753967285,-0.28510648012161255,0.7257886528968811
6:0.6841137409210205,-0.16138595342636108,0.7988625168800354,0.3952140808105469,1.063725233078003,-0.6244763731956482,-0.46863529086112976,0.525052547454834
9:0.6541902422904968,-1.2296979427337646,0.35709765553474426,-0.14373444020748138,1.1784090995788574,-0.21988588571548462,0.03722825646400452,0.30667397379875183
12:-0.6453339457511902,-0.5354597568511963,1.275161623954773,-0.20243629813194275,0.5668217539787292,0.7532922029495239,0.26680701971054077,1.0708818435668945
15:0.8694519400596619,-0.5175771713256836,1.1473920345306396,0.7445207834243774,0.32118552923202515,0.48058900237083435,0.221139594912529,0.4249982237815857
18:0.6058107614517212,-0.5960867404937744,0.8430571556091309,-0.17841190099716187,0.9930089712142944,0.28524166345596313,-0.2807358503341675,1.0034575462341309
21:0.4791796803474426,-0.73665452003479,0.8458037972450256,0.10290958732366562,0.8608238697052002,-0.2963576316833496,-0.16277611255645752,0.6702019572257996
24:0.384986013174057,-0.9345917105674744,0.9369578957557678,-0.040698401629924774,0.719475269317627,0.22427965700626373,-0.6152359843254089,0.8128820657730103
27:0.6412866711616516,-0.714605450630188,0.9565202593803406,-0.42242613434791565,0.860236644744873,0.16531169414520264,-0.4691278338432312,0.9014997482299805
30:0.6096771359443665,-1.1750588417053223,1.0428606271743774,-0.1712481677532196,1.01381254196167,-0.5801158547401428,-0.10707633197307587,0.18872776627540588
33:0.3859192430973053,-0.5882600545883179,0.7495852112770081,0.18267002701759338,0.30406659841537476,-0.5185555815696716,-0.17066282033920288,1.5767377614974976
36:0.8424488306045532,-0.7045376300811768,0.7656909227371216,0.1288038194179535,0.9051247835159302,0.215742826461792,0.146578848361969,0.9204286336898804
39:-0.061451662331819534,-0.8871440887451172,1.326337218284607,-0.30758997797966003,0.42863667011260986,0.13593092560768127,-0.5412951111793518,1.1932069063186646
42:0.41141223907470703,-0.9155580997467041,1.2816275358200073,0.240724578499794,0.7695613503456116,-0.20623794198036194,-0.3308297395706177,0.47297051548957825
45:0.3663085699081421,-0.63780277967453,0.7469136118888855,1.2099635601043701,0.8859580159187317,-0.15355385839939117,-0.024896420538425446,0.8338040709495544
48:0.47562476992607117,-1.0649949312210083,0.8653770089149475,-0.12617066502571106,0.8057723045349121,-0.10693380236625671,-0.33134445548057556,0.49787747859954834
51:0.7091761231422424,-0.3554256558418274,1.493431806564331,-1.0980950593948364,0.9360353946685791,0.17999927699565887,-0.714691162109375,0.9187080264091492
54:1.668062686920166,-0.21229207515716553,1.271425724029541,-0.20144984126091003,0.2020236700773239,-0.27724698185920715,-0.5013651847839355,0.5297563076019287
57:1.1779652833938599,-1.0948113203048706,0.7867041826248169,0.05113216117024422,0.9493746757507324,-0.33237308263778687,0.12434348464012146,0.46984928846359253
60:0.3389780521392822,-1.020273208618164,0.4778202772140503,0.12081017345190048,1.1185097694396973,0.21790947020053864,-0.39817237854003906,1.1342777013778687
63:-0.26419931650161743,-1.122733473777771,0.9667148590087891,-0.6129459142684937,0.8191161155700684,0.5019897222518921,-1.1718450784683228,0.9715041518211365
66:0.48860904574394226,-0.6583341360092163,1.4269710779190063,0.06678518652915955,0.7065833806991577,-0.36259081959724426,-0.7569671869277954,0.3758111298084259
69:0.5080399513244629,-1.1516144275665283,1.184288740158081,-0.5593463182449341,0.8850640058517456,-0.47364377975463867,0.00338925002142787,0.5777212977409363
72:0.5487773418426514,-0.8509169816970825,0.4482828378677368,0.14513441920280457,0.8190621137619019,-0.23040200769901276,-0.3044672906398773,0.603792667388916
75:0.24225685000419617,-0.8192862868309021,0.2654077112674713,-0.4707135260105133,0.9481165409088135,-0.040193479508161545,-0.7033606767654419,0.9712887406349182
78:0.3377947509288788,-1.0615870952606201,1.292681336402893,-0.4174383580684662,0.7361513376235962,0.3764699101448059,-0.08348958939313889,1.114932894706726
81:0.6209059357643127,-0.4701334536075592,0.4348674416542053,0.5285320281982422,1.4700121879577637,0.045741334557533264,-0.11619880050420761,0.6591659188270569
84:0.39900821447372437,-1.036144495010376,1.0026075839996338,-0.45424002408981323,0.6282079815864563,-0.019061557948589325,-0.45417320728302,0.4541875422000885
87:0.0939878448843956,-1.159756064414978,0.5383542776107788,0.49140411615371704,0.9514557123184204,0.09128066152334213,0.759912371635437,0.7669923901557922
90:0.22686824202537537,-0.9448642134666443,1.2922643423080444,0.4030935764312744,0.7108972668647766,0.07697213441133499,-0.40014421939849854,0.6583427786827087
93:0.7367579340934753,-0.8706325888633728,0.8868570327758789,0.1338549107313156,0.8032742738723755,-0.21932780742645264,-0.31826046109199524,0.5378637909889221
96:0.6881505250930786,-0.39100635051727295,0.8568146824836731,0.9718620181083679,0.989420473575592,-0.1800958663225174,-0.5397699475288391,0.4641025960445404
99:0.7400978803634644,-1.1809954643249512,0.1264936774969101,0.2725776135921478,0.981390118598938,-0.4659133851528168,0.14841990172863007,0.47195756435394287
102:0.5074488520622253,-0.6450870633125305,0.8510985374450684,0.7514906525611877,1.0876610279083252,-0.4819658696651459,-0.18540959060192108,0.6609385013580322
105:0.3992723226547241,-0.8422241806983948,0.8199858665466309,0.12440328299999237,0.802232027053833,-0.004102072678506374,-0.17737947404384613,0.7842421531677246
108:0.5713386535644531,-0.8871387243270874,1.2183067798614502,-0.22156208753585815,1.097033977508545,-0.08855139464139938,0.2622731924057007,-0.17444144189357758
111:0.24749046564102173,-1.0422431230545044,0.8475472927093506,-0.4268404245376587,0.8352205157279968,-0.17076924443244934,-0.009869199246168137,0.7501392364501953
114:1.1539770364761353,-1.0438809394836426,1.6161752939224243,-0.3420731723308563,0.505023181438446,-0.18328282237052917,0.21600466966629028,0.08743660151958466
117:1.1514488458633423,-0.2838103771209717,1.354827880859375,0.05001738667488098,0.2583370804786682,-0.7700477838516235,-0.866782009601593,0.6047240495681763
120:0.3066568374633789,-0.5461080074310303,1.218656063079834,-0.5370021462440491,0.9139588475227356,-0.4111991822719574,-0.34116488695144653,0.43121573328971863
123:-0.36845940351486206,0.01404846366494894,0.8631463050842285,-0.16772441565990448,1.2182493209838867,-0.23100364208221436,-0.9244894981384277,1.9180556535720825
126:0.3430401086807251,-0.9750630259513855,0.9556167721748352,-0.10437791049480438,0.8303351998329163,-0.11091390252113342,-0.31770747900009155,0.8969860076904297
129:0.8977884650230408,-0.8428034782409668,0.9302682280540466,-0.19671428203582764,0.8856968879699707,0.3054739534854889,-0.01837051287293434,0.5388737320899963
132:0.3733435571193695,-0.9367842078208923,0.3065285086631775,0.4407235085964203,0.9515900015830994,-0.5879325866699219,-0.8208150863647461,1.057310700416565
135:0.28469061851501465,-1.2254149913787842,0.44758766889572144,0.39524558186531067,1.233412265777588,0.3322024345397949,0.26028817892074585,0.07560086995363235
138:0.8532298803329468,-0.8700548410415649,0.1889229416847229,0.9436033368110657,0.7669828534126282,0.5958774089813232,-0.9374401569366455,0.2058255523443222
141:1.408002495765686,-0.6719225645065308,1.0125324726104736,-0.11851509660482407,0.4185898005962372,0.10218635201454163,-0.055078353732824326,0.2016957700252533
144:0.5027806758880615,-0.7671434283256531,1.0215944051742554,-0.3372724652290344,0.8038633465766907,-0.1235046312212944,-0.7616544961929321,0.7032155394554138
147:1.0170209407806396,-0.7547400593757629,0.5242831110954285,0.14680150151252747,0.9899464845657349,-0.5882120728492737,0.006808229722082615,1.019895315170288
150:0.19715078175067902,-1.1205536127090454,0.9359975457191467,-0.312075138092041,0.37399592995643616,0.14827218651771545,-0.5482063889503479,0.5885488986968994
153:0.5517308115959167,-1.044042944908142,0.903689444065094,0.24761570990085602,1.1942566633224487,0.19707268476486206,0.0661250650882721,0.9184626936912537
156:1.1223609447479248,-1.037034034729004,0.3143497109413147,7.039905176497996E-5,0.7062931060791016,0.7372907996177673,-0.40002259612083435,1.684968113899231
159:0.6391811966896057,-0.8371014595031738,0.5822522640228271,0.05994531512260437,1.1417979001998901,0.10592798888683319,-0.6469019651412964,0.27869680523872375
162:0.6037979125976562,-1.3588058948516846,0.8890049457550049,0.11686742305755615,0.8387239575386047,0.05448226258158684,0.12193527817726135,0.08680011332035065
165:0.389548659324646,-1.0325167179107666,0.6316243410110474,-0.35956019163131714,0.24556007981300354,0.36377695202827454,0.1182815283536911,1.1323492527008057
168:0.8739979863166809,-0.8637097477912903,0.7968156933784485,0.3116833567619324,0.8034619688987732,-0.20041823387145996,-0.4285902678966522,0.44499340653419495
171:0.8501617312431335,-1.4038686752319336,0.4999540448188782,0.5747982263565063,0.6298397183418274,-0.2305530160665512,-0.33074793219566345,0.6981120705604553
174:-0.4206918478012085,-1.1176484823226929,1.619375228881836,-0.8275644183158875,0.6427350044250488,-0.282660573720932,-0.5339687466621399,-0.26459088921546936
177:-0.07326246798038483,-1.1831094026565552,1.3328694105148315,0.029030295088887215,1.201827883720398,0.10132773965597153,-0.3641202747821808,0.4722203314304352
180:0.6994426846504211,-0.7573685646057129,0.7757075428962708,-0.18620695173740387,0.904729425907135,-1.116213083267212,-0.2634311318397522,0.28105485439300537
183:0.6652315258979797,-1.3022445440292358,0.1152583658695221,-0.021737471222877502,0.8789947032928467,0.25604331493377686,0.11624584347009659,1.067497968673706
186:-0.01632086932659149,-1.1989710330963135,0.5907446146011353,0.21538256108760834,1.4905723333358765,0.7658764123916626,-0.8345091938972473,0.1794024407863617
189:-0.10020612925291061,-1.1022677421569824,0.5083850026130676,0.5444155335426331,1.0935815572738647,0.9441952109336853,-0.5292155146598816,0.53639817237854
192:1.0077322721481323,-1.1473348140716553,1.0168986320495605,-0.45531585812568665,0.5658375024795532,-0.2890723943710327,-0.011021139100193977,0.035726889967918396
195:0.5967891216278076,-0.36326029896736145,0.8326192498207092,0.5895397067070007,1.0061055421829224,0.14025770127773285,-0.5361688137054443,0.21238745748996735
198:0.4144846200942993,-0.7309740781784058,0.6889834403991699,0.9193291068077087,0.8502909541130066,-0.8930858969688416,0.4297822415828705,0.8713300824165344
201:0.1577690839767456,-1.2352715730667114,1.321406364440918,-0.14404185116291046,0.9120267629623413,-0.34086814522743225,-0.39643391966819763,0.28135064244270325
204:1.0014532804489136,-0.5818135738372803,0.7981197834014893,0.23580381274223328,0.4314388632774353,0.3494761288166046,-0.9008513689041138,0.6005992889404297
207:-0.7479493021965027,-1.3423644304275513,0.07621783018112183,0.6652673482894897,1.0910053253173828,1.0796971321105957,-0.17478755116462708,0.5204623937606812
210:0.07529960572719574,-0.9091275334358215,1.0539608001708984,-0.6447351574897766,0.6552667617797852,-0.08815822005271912,-0.005165274254977703,0.33107319474220276
213:0.41585513949394226,-0.3405072093009949,1.302330732345581,-0.5765098333358765,-0.014267639257013798,-0.08375481516122818,-0.7701349854469299,0.4599178433418274
216:0.47850728034973145,-1.2370461225509644,0.7730696201324463,-0.09421928972005844,0.9116514325141907,-0.1902795433998108,-0.34256988763809204,0.9245198965072632
219:-0.13650591671466827,-1.4797344207763672,0.8825949430465698,-0.32643404603004456,0.21455708146095276,-0.4243012070655823,-0.112916000187397,1.1769973039627075
222:0.3925483822822571,-0.2066531926393509,0.7958132028579712,0.33196812868118286,1.2208417654037476,0.09580153226852417,-0.7936399579048157,1.2916452884674072
225:0.45912230014801025,-1.3236489295959473,1.3552924394607544,-0.5626461505889893,0.38341039419174194,-0.36972856521606445,-0.13960643112659454,0.5747467279434204
228:0.6866188645362854,0.018859826028347015,1.0636464357376099,0.2551608979701996,1.1121872663497925,-0.13995854556560516,-0.4451085925102234,1.561678409576416
231:0.8158773183822632,-1.015855073928833,0.41818833351135254,-0.23282241821289062,1.0089975595474243,-0.05352317914366722,-0.14627285301685333,0.7694730758666992
234:0.26213642954826355,-1.437422513961792,0.6789128184318542,0.160658061504364,1.001392126083374,0.2111324965953827,-0.33984267711639404,0.3802630603313446
237:0.18891413509845734,-0.6015499830245972,0.6173446774482727,0.5906447172164917,1.0994600057601929,0.026112332940101624,-0.1289673149585724,0.8207747936248779
240:0.6058209538459778,-0.9278150796890259,0.6995012760162354,0.004261987283825874,1.0120658874511719,-0.44971829652786255,-0.15741181373596191,0.6631568670272827
243:0.2993706464767456,-1.004138708114624,0.8065570592880249,0.006832359358668327,0.8016018867492676,-0.3837915360927582,-0.2981685698032379,0.6980140805244446
246:0.3562164902687073,-0.9492157101631165,1.3389294147491455,0.1702934205532074,0.4566954970359802,-0.20708945393562317,-0.4807197153568268,0.6760727167129517
249:0.4446031153202057,-1.4621810913085938,0.7844085097312927,-0.35696476697921753,0.2831769287586212,-0.18313071131706238,-0.14871647953987122,0.7680623531341553
252:0.662642240524292,-0.852330207824707,1.459937572479248,0.03948545828461647,-0.012815512716770172,-0.3211990296840668,-0.018503017723560333,1.0459730625152588
255:0.6506356000900269,-0.6408382058143616,0.47818002104759216,0.23123425245285034,1.2708748579025269,-0.15866661071777344,-0.3564201891422272,1.0271815061569214
258:0.6240730881690979,-0.7474198937416077,1.3286925554275513,0.1579352468252182,0.5579657554626465,-0.0417664609849453,-0.31251394748687744,1.0963141918182373
261:0.2212146818637848,-1.6046239137649536,1.0336087942123413,-0.6507577300071716,-0.3091817796230316,-0.8576765060424805,-0.9406859874725342,0.291248083114624
264:0.6671378016471863,-1.2817713022232056,0.9265275597572327,-0.2092461884021759,1.1338062286376953,-0.6763812899589539,-0.024942845106124878,-0.026273535564541817
267:0.40353384613990784,-1.178773283958435,0.9498999118804932,-0.31277209520339966,0.4723460376262665,-0.6461873650550842,-0.40430429577827454,0.9134277701377869
270:0.7647652626037598,-0.7312325835227966,0.5924700498580933,0.0743824765086174,0.9413639903068542,-0.22954805195331573,-0.6255444288253784,0.8351788520812988
273:0.2605362832546234,-0.7555675506591797,1.084006667137146,-0.1777949035167694,0.9364189505577087,-0.4476468563079834,-0.6959584951400757,0.9210006594657898
276:0.6159432530403137,-0.43275588750839233,0.3978423774242401,-0.04378761723637581,0.43013495206832886,-0.18764106929302216,-0.576036274433136,1.5485849380493164
279:0.5810701847076416,-0.8885552287101746,1.0252916812896729,-0.15143702924251556,0.6204332113265991,0.1761287897825241,-0.5081533789634705,0.22908525168895721
282:0.6049197316169739,-0.7840052843093872,1.2200782299041748,-0.5696675777435303,0.7219030857086182,0.19638733565807343,-0.3104538023471832,0.29659125208854675
285:0.3366636037826538,-1.1311419010162354,0.5205668807029724,-0.09314246475696564,1.2283737659454346,0.5806581377983093,0.10568758100271225,0.6503589153289795
288:-0.4009546935558319,-0.8547514081001282,1.4909626245498657,-0.17085178196430206,0.3392201364040375,-0.5020347237586975,-0.43101972341537476,1.316228985786438
291:0.3977937400341034,-1.1416321992874146,0.8733000159263611,0.257013201713562,1.1654614210128784,-0.4154025614261627,-0.3740869164466858,0.5909910798072815
294:0.5696048736572266,-0.6758459806442261,1.164109706878662,-0.6997849941253662,0.7965760827064514,-0.42666590213775635,0.12378934770822525,0.7226546406745911
297:0.9207053780555725,-0.6810957789421082,0.41607511043548584,0.6681641340255737,0.5385618209838867,-0.07018981128931046,-0.7732429504394531,0.891992449760437
300:0.45424333214759827,-1.0084969997406006,1.3450026512145996,-0.4504376947879791,0.7650806903839111,0.3553831875324249,-0.43825143575668335,0.4171939492225647
303:0.471403032541275,-0.7944581508636475,0.7318920493125916,0.13089728355407715,0.9349031448364258,-0.3940463960170746,-0.2287065088748932,0.6956381797790527
306:0.47992774844169617,-1.0440515279769897,0.9516425728797913,0.0519968718290329,0.6340847015380859,-0.5782236456871033,-0.029159994795918465,0.5468366146087646
309:0.5546722412109375,-0.7204878330230713,0.9319545030593872,0.18174400925636292,0.9559153914451599,-0.444054514169693,-0.6340180039405823,0.8203278183937073
312:0.16297999024391174,-0.7452413439750671,0.7409167885780334,1.0348474979400635,0.778390645980835,-0.4422701597213745,0.0669219046831131,0.8148767948150635
315:0.5534858703613281,0.08651146292686462,0.5753915309906006,0.04116005077958107,0.6334723830223083,0.006191585212945938,-0.27580198645591736,1.993815541267395
318:0.8212052583694458,-0.37687888741493225,1.3171416521072388,-0.4296959936618805,0.21458633244037628,0.8188691139221191,0.7619983553886414,0.9409615993499756
321:0.5599510669708252,-0.7413653135299683,0.0528416782617569,0.9243521094322205,1.0404947996139526,-0.23349040746688843,0.29488396644592285,1.1705373525619507
324:0.4490102529525757,-0.7293043732643127,0.952319324016571,-0.4545651078224182,0.7997557520866394,-0.3991600275039673,0.06785843521356583,0.7152641415596008
327:0.43819212913513184,-1.0928897857666016,1.152628779411316,-0.35706013441085815,0.8867577314376831,0.2746349275112152,-0.18098853528499603,0.7782332897186279
330:1.0586788654327393,-0.8494729399681091,0.37967145442962646,-0.42219337821006775,0.7145864367485046,-0.5544354319572449,0.6381028890609741,0.7166645526885986
333:0.6749745607376099,-1.0640732049942017,0.864522397518158,-0.7788283228874207,0.9495465159416199,-0.049726638942956924,-0.5648053884506226,0.33334073424339294
336:0.3150351345539093,-1.459407091140747,0.7369143962860107,0.43216973543167114,0.3174755275249481,-1.8607228994369507,-0.037866782397031784,-0.42969614267349243
339:0.3416021764278412,-1.4733920097351074,0.9149008989334106,-0.4980434775352478,0.6860881447792053,0.047181662172079086,-0.08341920375823975,0.4834553301334381
342:0.8721802234649658,-0.6825980544090271,1.1530215740203857,0.25619643926620483,0.869238018989563,-0.3096717298030853,-0.2871711850166321,0.5348812341690063
345:0.6657503843307495,-0.9793779850006104,0.4674326777458191,0.2659480571746826,0.9564715027809143,-0.10627100616693497,-0.5787127017974854,0.816871702671051
348:-1.020022988319397,-1.8886998891830444,0.7481898665428162,0.46451976895332336,0.6130928993225098,0.388677716255188,0.6197481751441956,0.8955905437469482
351:1.0840559005737305,-0.5265923738479614,1.4113932847976685,-0.275058776140213,0.5267767310142517,-0.2909473180770874,0.012156280688941479,0.9867272973060608
354:0.9654199481010437,-0.3777500092983246,1.1094597578048706,0.6084539294242859,0.7428886294364929,-0.08159127831459045,0.057795777916908264,1.3089208602905273
357:0.49320992827415466,-1.4342479705810547,0.6007499098777771,-0.16980719566345215,1.1187317371368408,-0.5979366898536682,0.019976187497377396,0.9504784941673279
360:0.7655870914459229,-1.011062741279602,1.0927021503448486,-0.0036287896800786257,0.23814038932323456,0.22125478088855743,-0.28858429193496704,0.7078802585601807
363:0.5385752320289612,-0.8265597224235535,0.6687158942222595,0.28871071338653564,1.2910596132278442,-0.7301033139228821,0.0874161571264267,0.5973870158195496
366:-0.11116579174995422,-0.8964388370513916,0.9597907066345215,-0.9296625256538391,1.0149996280670166,0.14649620652198792,-1.0330415964126587,0.6511141061782837
369:0.6770818829536438,-1.0602141618728638,0.9257215261459351,-0.39036253094673157,0.858837902545929,-0.39509454369544983,-0.03384387493133545,0.37888577580451965
372:0.5758646130561829,-1.0516177415847778,1.2393752336502075,-0.052080828696489334,0.3611609637737274,-0.7453764081001282,0.7486854195594788,0.31805193424224854
375:0.33401060104370117,-0.8492071628570557,1.5899296998977661,0.507348358631134,0.241347074508667,0.3068179488182068,-0.950127124786377,-0.06556899845600128
378:0.4041755199432373,-0.8798941373825073,-0.49094051122665405,0.8980950117111206,1.1276156902313232,-0.45553699135780334,-0.061355236917734146,0.9128847122192383
381:0.7432905435562134,-0.8053357601165771,0.48118287324905396,-0.4273638427257538,1.3803678750991821,-0.6415626406669617,0.95794278383255,0.429119735956192
384:-0.024667562916874886,-0.8986104726791382,0.9723457098007202,-0.26799121499061584,0.6347914338111877,-0.18579842150211334,-0.3779308795928955,0.9205246567726135
387:0.7204560041427612,-0.844380259513855,0.9188016653060913,0.5636427998542786,0.9691727161407471,-0.1392691284418106,-0.15417812764644623,0.6577972173690796
390:0.609148383140564,-0.38573604822158813,1.5444118976593018,-0.08487337827682495,0.7098343372344971,-0.5427582263946533,-0.11523929238319397,0.30936625599861145
393:0.1943226456642151,-1.1282507181167603,0.35659903287887573,0.41906848549842834,1.1276516914367676,0.3329380750656128,0.2340768426656723,0.5434923768043518
396:0.5879468321800232,-1.0014293193817139,1.098202109336853,-0.08243166655302048,0.45687609910964966,-0.13901911675930023,0.048573531210422516,0.6298686265945435
399:0.2908165752887726,-0.4179111123085022,0.582211434841156,0.7625516057014465,1.2031142711639404,-0.7925854921340942,-0.2264665961265564,0.6820085644721985
402:0.7209566235542297,-0.5058958530426025,1.304057240486145,-0.3920357823371887,0.47799599170684814,-0.642188310623169,-0.2999323010444641,0.5896905064582825
405:0.809527575969696,-0.3361397087574005,1.3306694030761719,-0.2139374166727066,0.6401459574699402,-0.7803739309310913,-0.7433457970619202,0.37905827164649963
408:-0.15525060892105103,-0.9529843330383301,0.8892956972122192,0.4680216908454895,1.7296429872512817,0.6924158334732056,0.08192697167396545,0.1955350786447525
411:0.971269428730011,-0.35200831294059753,1.539259433746338,0.4916352331638336,0.5371785163879395,0.22748346626758575,-0.2771492898464203,0.21637649834156036
414:0.6912891268730164,-0.7141849398612976,0.29891183972358704,0.542205274105072,0.6790409684181213,-0.8485581874847412,-0.0498368963599205,0.7142934799194336
417:1.0089311599731445,-0.9290378093719482,0.4658103287220001,-0.1749822050333023,0.7189093828201294,-0.09749395400285721,-0.8453279137611389,0.7272676229476929
420:0.19964060187339783,-0.9132860898971558,0.7567481398582458,0.07467598468065262,0.8220594525337219,-0.691328763961792,0.16322483122348785,1.0746934413909912
423:0.4688921868801117,-0.669009268283844,0.5761597156524658,0.784631609916687,0.8702503442764282,-0.09573385864496231,-0.6473361253738403,0.8770266771316528
426:0.8253527879714966,-0.5042738318443298,0.8689733147621155,-0.6310011744499207,0.9826102256774902,-0.07856939733028412,-0.631771981716156,0.38034164905548096
429:-0.13687950372695923,-0.6333848834037781,0.790351152420044,0.8932018876075745,0.4458974599838257,-0.536620020866394,-0.21448811888694763,0.1666979193687439
432:0.4085167348384857,-0.9283117651939392,1.1256883144378662,-0.5729830861091614,0.9728201627731323,0.18898870050907135,-0.6292918920516968,0.9075812101364136
435:0.3754803240299225,-0.7946076393127441,1.1423251628875732,-0.21004898846149445,0.940403401851654,-0.48393234610557556,-0.37232568860054016,0.8282818794250488
438:0.5951869487762451,-1.1957639455795288,0.47929617762565613,-0.06034979596734047,0.8901416659355164,-0.10111403465270996,-0.570134162902832,0.7800402641296387
441:0.6959046125411987,-0.8007564544677734,0.28060492873191833,0.38315412402153015,1.3739476203918457,0.0672542154788971,-0.0022080044727772474,0.7033068537712097
444:1.4645990133285522,-0.7526519894599915,0.4751361906528473,0.39595213532447815,1.0623421669006348,0.3693629205226898,-0.4682939350605011,0.4086546301841736
447:0.36815741658210754,-1.0162454843521118,1.0154520273208618,-0.18655157089233398,0.6685281991958618,-0.1486971378326416,-0.049773648381233215,0.1592814028263092
450:0.6891818046569824,-1.388810396194458,-0.1678263545036316,0.560180127620697,1.0762214660644531,-0.28044942021369934,0.062327414751052856,0.8642281293869019
453:0.15701553225517273,-1.0571154356002808,1.2512555122375488,-0.4116586744785309,0.7919615507125854,-0.40082186460494995,-0.0021657468751072884,0.663764476776123
456:0.2456871122121811,-1.0638211965560913,0.9029871225357056,-0.3514329493045807,0.7048927545547485,-0.21320077776908875,-0.5368939638137817,0.571834921836853
459:0.7188622355461121,-1.043580174446106,0.9124630093574524,0.04737373813986778,0.9215734004974365,0.00582626648247242,-0.02722012624144554,1.0058650970458984
462:-0.0054040709510445595,-1.5943012237548828,0.7743529081344604,-0.11928839981555939,0.5831444263458252,-0.21733057498931885,-0.1019173413515091,0.38218286633491516
465:1.173089623451233,-0.9584879875183105,0.26191678643226624,-0.14109879732131958,1.1012159585952759,-0.2636597156524658,-0.5671298503875732,0.9918895363807678
468:0.4794812798500061,-0.5754573941230774,0.471408486366272,0.38373807072639465,0.9609666466712952,-0.1934569776058197,-0.25797930359840393,0.5922192335128784
471:0.44671523571014404,-0.896674633026123,1.121849775314331,-0.14204373955726624,0.677202045917511,-0.015001612715423107,-0.51068514585495,0.697364866733551
474:0.5752813816070557,-0.7439994215965271,1.2327970266342163,0.29078665375709534,1.1378411054611206,-0.25585052371025085,-0.16905246675014496,-0.029576828703284264
477:-0.8497682213783264,-1.163266658782959,0.11665160953998566,-1.4362313747406006,1.432888150215149,0.5485334992408752,-1.4072405099868774,0.08441867679357529
480:0.5882008075714111,-0.5707947611808777,1.4179290533065796,-0.35780444741249084,0.6573962569236755,0.007066224701702595,-0.47547999024391174,0.9467973113059998
483:1.5622960329055786,-0.2757548987865448,0.7165327072143555,-0.02108614519238472,1.0841820240020752,-0.243520125746727,0.3790065348148346,0.7680566906929016
486:7.374591659754515E-4,-0.9984294176101685,0.7326198816299438,0.3112451434135437,1.0866153240203857,-0.6162039637565613,-0.15767806768417358,0.7804976105690002
489:0.8339366912841797,-0.9541620016098022,0.28780409693717957,0.38170304894447327,0.9730202555656433,-0.17753945291042328,0.23261798918247223,1.1679307222366333
492:0.19195732474327087,-1.1212468147277832,0.10309891402721405,0.920501708984375,1.0557557344436646,-0.5468879342079163,0.6814691424369812,0.49705082178115845
495:0.549656331539154,-1.324951410293579,1.281830906867981,-0.11600368469953537,0.6714461445808411,-0.2604013681411743,-0.1509556770324707,0.03457583487033844
498:0.9941571950912476,-0.07376820594072342,0.5584040880203247,-0.34599047899246216,1.1795624494552612,0.0999712198972702,0.10256203263998032,1.1154835224151611
501:0.6547602415084839,-1.2099144458770752,0.5123392939567566,-0.41242846846580505,0.7300582528114319,0.1245688796043396,-0.6277168393135071,0.8816559314727783
504:-0.7852410078048706,0.1274150162935257,1.8208979368209839,0.16103152930736542,0.4653574824333191,-0.28040677309036255,0.23431237041950226,0.9213030338287354
507:0.027345530688762665,-1.3444523811340332,1.0679281949996948,0.263089656829834,0.1497657746076584,-0.9669439196586609,-0.6464716792106628,0.8545427918434143
510:0.5578963756561279,-1.2635842561721802,0.2769036293029785,1.1516717672348022,0.2970725893974304,-0.8580007553100586,-0.15106084942817688,0.1991223692893982
513:0.5741666555404663,-1.236208200454712,0.7907381653785706,0.3512413799762726,0.82659512758255,-0.042019978165626526,-0.03697280213236809,0.6048916578292847
516:0.33194273710250854,-1.0322800874710083,1.147284984588623,-0.029530353844165802,0.6897203922271729,-0.17311620712280273,-0.007611132226884365,0.6574110388755798
519:0.44906607270240784,-0.8261628746986389,0.8781519532203674,0.1815374195575714,0.8919295072555542,-0.20880769193172455,-0.44075608253479004,1.1214390993118286
522:0.14154624938964844,-1.133602261543274,0.7970017790794373,-0.23378275334835052,0.41468679904937744,-0.08632669597864151,-0.5928521156311035,0.693433940410614
525:-0.27048513293266296,-0.8479495048522949,1.5069705247879028,0.13280610740184784,1.1202391386032104,0.2931557595729828,-0.4240691661834717,0.3265310823917389
528:0.275887131690979,-0.8711223602294922,0.5514233708381653,0.327212929725647,0.801795482635498,-0.1322340965270996,-0.3335225582122803,0.9093379378318787
531:0.42661210894584656,-1.3743195533752441,0.3146040439605713,-0.6851431727409363,0.48503339290618896,-0.8355385661125183,0.7936713099479675,0.17948029935359955
534:0.5227219462394714,-0.7301431894302368,1.6475598812103271,-0.3598562180995941,0.5622681975364685,0.47149035334587097,-0.25998133420944214,0.4756031632423401
537:0.6013814210891724,-0.9886801838874817,0.7764953970909119,0.1552688628435135,1.4524245262145996,-0.4040156900882721,0.2027551680803299,0.08450797200202942
540:0.4665316045284271,-0.7579455971717834,0.2792759835720062,-0.9834322929382324,1.0798345804214478,-0.4060387909412384,-1.4125709533691406,0.7514525651931763
543:0.4137764275074005,-0.8345775008201599,1.921210527420044,-0.10021764039993286,0.6275195479393005,-0.38228532671928406,-0.001875525456853211,0.7699429988861084
546:0.22379747033119202,-0.677894651889801,1.1283775568008423,-1.0483213663101196,0.9944231510162354,-0.3074711561203003,-0.7800435423851013,1.2332311868667603
549:0.19552956521511078,-0.8065477013587952,0.7628536820411682,1.2214754819869995,0.7066476941108704,-0.9404004812240601,-0.2695524990558624,0.4061950743198395
552:0.2043454647064209,-0.4177994430065155,0.43753278255462646,0.26204004883766174,1.1598877906799316,0.15715715289115906,-0.20085781812667847,0.9959813356399536
555:0.5821744799613953,-0.4747141897678375,0.7097755670547485,0.43642207980155945,0.9499301910400391,0.21669425070285797,-0.11922184377908707,0.7797659039497375
558:0.7076902389526367,-1.175704836845398,0.9818352460861206,0.10442584753036499,0.7670524716377258,-0.265934556722641,-0.051665645092725754,0.990324079990387
561:0.3444458544254303,-0.8612446188926697,0.8316653966903687,-0.33334603905677795,0.7484083771705627,-0.19014473259449005,-0.6713680624961853,0.8962568044662476
564:0.2994454801082611,-0.32936719059944153,1.306073546409607,0.7530609965324402,0.7366165518760681,-0.3471953272819519,0.37817078828811646,1.2726720571517944
567:0.40167275071144104,-1.0559512376785278,0.7061935663223267,0.3531374931335449,0.4077955484390259,-0.38863611221313477,-0.47934672236442566,1.1825220584869385
570:0.7355045676231384,-0.5298952460289001,0.7092249989509583,-0.5538820624351501,0.43700912594795227,0.12168466299772263,-0.43064039945602417,1.5466439723968506
573:0.8047462105751038,-0.628730058670044,0.6460133194923401,-0.1610075831413269,1.1016284227371216,-0.49900034070014954,0.19715659320354462,0.6416279077529907
576:0.4960920214653015,-0.7476149201393127,0.7984129190444946,0.06830620765686035,1.1597110033035278,-0.1004592552781105,-0.15853407979011536,0.7548322081565857
579:0.19167764484882355,-0.5132390260696411,-0.3845943510532379,-0.7184220552444458,1.2066938877105713,0.2529261112213135,-0.49841538071632385,-0.11014872789382935
582:-0.12463375180959702,-1.5551258325576782,1.264998435974121,0.002550221513956785,0.46183672547340393,-0.7310081720352173,-0.41419363021850586,-0.09662419557571411
585:0.9253183603286743,-0.7074240446090698,0.8420668244361877,0.5580470561981201,0.9932746887207031,-0.28564736247062683,-0.2528005838394165,0.6010948419570923
588:0.6826773285865784,-1.151656150817871,0.943653404712677,0.1199742779135704,0.5364574790000916,0.03297071531414986,-0.22627641260623932,0.6438977122306824
591:0.3712400496006012,-0.7234176993370056,0.8862433433532715,-0.015059756115078926,0.836626410484314,0.013225347734987736,-0.8027963638305664,0.36657440662384033
594:0.331728458404541,-1.0917257070541382,0.7085250020027161,0.6758381724357605,1.2018438577651978,-0.17796723544597626,0.13101541996002197,0.5317304730415344
597:0.8638654947280884,-0.9224073886871338,0.6649775505065918,0.3379852771759033,1.092624545097351,-0.41646984219551086,-0.10299761593341827,0.6591254472732544
600:0.33893540501594543,-1.200991153717041,0.6718623638153076,-0.30241525173187256,0.5649531483650208,-1.1433290243148804,-0.38764381408691406,0.6351251602172852
603:0.40015077590942383,-0.8576149940490723,1.0881576538085938,-0.15897928178310394,1.1454869508743286,-0.21688556671142578,-0.2512374818325043,0.6976494193077087
606:0.5673738718032837,-1.14920175075531,0.5173134207725525,0.5031954050064087,0.6198251247406006,-0.506463885307312,-0.6232297420501709,0.8148830533027649
609:-0.6990869045257568,-0.6239844560623169,0.9707140326499939,0.794521689414978,0.6045053601264954,0.8188720345497131,-0.21116268634796143,0.09569165855646133
612:0.7080371379852295,-1.2130295038223267,0.7280449271202087,-0.3545682728290558,0.6253164410591125,-0.389176607131958,-0.18689225614070892,0.2875710725784302
615:0.6729640960693359,-0.5163263082504272,0.7545364499092102,-0.017253698781132698,0.9805248379707336,-0.023763203993439674,-0.5022425651550293,0.9590310454368591
618:0.4190689027309418,-1.1191176176071167,0.4335900545120239,0.594536542892456,1.3345946073532104,-0.2872411906719208,-0.61937016248703,0.45395269989967346
621:0.6490131616592407,-0.7501778602600098,0.9306989312171936,0.18019725382328033,1.3355940580368042,0.31351515650749207,-0.12046392261981964,0.8320319056510925
624:0.18912871181964874,-0.9755120873451233,1.0205683708190918,0.4867781102657318,0.6549980640411377,-0.22482474148273468,-0.42174285650253296,0.5789675712585449
627:0.5140286684036255,-1.426660180091858,0.2419184297323227,0.14908598363399506,0.6114233732223511,0.2176409661769867,-0.3447587192058563,0.48672810196876526
630:0.6974194049835205,-1.1239049434661865,0.4799344837665558,0.8806208372116089,0.8165853023529053,-0.3605350852012634,-0.0319342315196991,0.6272460222244263
633:0.5927925109863281,-0.9568933248519897,0.7364612817764282,0.21366992592811584,0.6719672679901123,-0.25860416889190674,-0.04597768932580948,0.2931554615497589
636:0.4787110984325409,-0.5830561518669128,0.8071900010108948,0.297177255153656,0.990131676197052,0.07060529291629791,0.2059798538684845,1.1428412199020386
639:0.6753526329994202,-1.0140209197998047,1.050655722618103,0.274921178817749,0.4898451566696167,-0.3161197304725647,0.20179027318954468,0.48972928524017334
642:0.739749014377594,-0.23603440821170807,0.5202468037605286,0.6975786685943604,1.4069198369979858,0.007204508408904076,-0.2796284556388855,0.6713396906852722
645:0.3340981900691986,-0.6771727204322815,1.4592914581298828,-0.23062901198863983,0.4743868112564087,-0.8733145594596863,-0.7376251220703125,0.45663923025131226
648:0.8829513192176819,-1.0715161561965942,0.1737211048603058,-0.0423918217420578,0.3392866253852844,-0.28951317071914673,-0.11556079983711243,1.142773151397705
651:0.6991741061210632,-0.38284918665885925,1.0605707168579102,-0.524103581905365,1.125449299812317,-0.374891996383667,-0.5392875075340271,0.6800282001495361
654:0.5384488701820374,-1.0099290609359741,1.130207896232605,-0.26232150197029114,0.8853324055671692,-0.1832287609577179,-0.1773991882801056,0.9217507839202881
657:0.03216831386089325,-1.08181631565094,0.9151826500892639,0.4729484021663666,0.9631887078285217,-0.0038956748321652412,-0.4118988513946533,0.4138108491897583
660:0.9321639537811279,-0.6943579316139221,0.8879194855690002,-0.597780168056488,0.5113977789878845,-0.339901864528656,-0.8946859240531921,0.7049938440322876
663:1.0458729267120361,-0.6001700162887573,1.0094095468521118,0.14987245202064514,0.9148620963096619,-0.15087458491325378,-0.7894489765167236,0.10406780987977982
666:0.03222533315420151,-0.8974898457527161,0.5796143412590027,0.1755356341600418,0.520264208316803,0.1445213109254837,-0.29146653413772583,1.2493233680725098
669:0.3049616515636444,-1.311401128768921,0.6922345161437988,0.24697138369083405,0.8303344249725342,-0.1554824709892273,-0.2926108241081238,0.5375693440437317
